  Date (eve/morn)      JDmid    LMSTmidn   ---------- Sun: ---------   LST twilight:  ------------- Moon: --------------
  (2018 at start)    (-2450000)            set  twi.end twi.beg rise    eve    morn    rise   set  %illum   RA      Dec
Thu Feb 01/Fri Feb 02  8151.6    7 07 27   20 39  21 54   5 57  7 12    5 01  13 05   21 32  .....    96  10 31.9  11 58
Fri Feb 02/Sat Feb 03  8152.6    7 11 24   20 38  21 53   5 58  7 13    5 04  13 10   22 17  .....    91  11 27.8   7 31
Sat Feb 03/Sun Feb 04  8153.6    7 15 20   20 38  21 52   5 59  7 13    5 07  13 15   22 58  .....    83  12 20.7   2 51
Sun Feb 04/Mon Feb 05  8154.6    7 19 17   20 37  21 52   6 00  7 14    5 11  13 20   23 37  .....    74  13 11.3 - 1 46
Mon Feb 05/Tue Feb 06  8155.6    7 23 14   20 37  21 51   6 01  7 15    5 14  13 25    0 15  .....    65  14 00.4 - 6 07
Tue Feb 06/Wed Feb 07  8156.6    7 27 10   20 36  21 50   6 02  7 16    5 17  13 30    0 53  .....    55  14 48.7 -10 01
Wed Feb 07/Thu Feb 08  8157.6    7 31 07   20 36  21 49   6 03  7 16    5 20  13 35    1 32  .....    45  15 36.7 -13 21
Thu Feb 08/Fri Feb 09  8158.6    7 35 03   20 35  21 48   6 03  7 17    5 23  13 39    2 12  .....    36  16 24.9 -16 02
Fri Feb 09/Sat Feb 10  8159.6    7 39 00   20 34  21 48   6 04  7 18    5 26  13 44    2 55  .....    27  17 13.6 -17 59
Sat Feb 10/Sun Feb 11  8160.6    7 42 56   20 34  21 47   6 05  7 18    5 29  13 49    3 40  .....    19  18 02.8 -19 07
Sun Feb 11/Mon Feb 12  8161.6    7 46 53   20 33  21 46   6 06  7 19    5 32  13 54    4 28  17 38    12  18 52.4 -19 24
Mon Feb 12/Tue Feb 13  8162.6    7 50 49   20 32  21 45   6 07  7 20    5 36  13 59    5 17  18 26     7  19 42.1 -18 49
Tue Feb 13/Wed Feb 14  8163.6    7 54 46   20 32  21 44   6 08  7 20    5 39  14 03    6 09  19 10     3  20 31.6 -17 23
Wed Feb 14/Thu Feb 15  8164.6    7 58 42   20 31  21 43   6 08  7 21    5 42  14 08   .....  19 53     1  21 20.7 -15 09
Thu Feb 15/Fri Feb 16  8165.6    8 02 39   20 30  21 42   6 09  7 22    5 45  14 13   .....  20 34     0  22 09.2 -12 11
Fri Feb 16/Sat Feb 17  8166.6    8 06 36   20 29  21 41   6 10  7 22    5 48  14 18   .....  21 12     1  22 57.2 - 8 38
Sat Feb 17/Sun Feb 18  8167.6    8 10 32   20 29  21 41   6 11  7 23    5 51  14 22   .....  21 50     5  23 45.0 - 4 37
Sun Feb 18/Mon Feb 19  8168.6    8 14 29   20 28  21 40   6 12  7 23    5 54  14 27   .....  22 27    10   0 33.0 - 0 18
Mon Feb 19/Tue Feb 20  8169.6    8 18 25   20 27  21 39   6 12  7 24    5 57  14 32   .....  23 05    17   1 21.7   4 07
Tue Feb 20/Wed Feb 21  8170.6    8 22 22   20 26  21 38   6 13  7 25    6 00  14 37   .....  23 44    26   2 11.9   8 29
Wed Feb 21/Thu Feb 22  8171.6    8 26 18   20 25  21 37   6 14  7 25    6 03  14 41   .....   0 26    36   3 04.2  12 32
Thu Feb 22/Fri Feb 23  8172.6    8 30 15   20 25  21 36   6 15  7 26    6 06  14 46   .....   1 12    47   3 59.0  16 02
Fri Feb 23/Sat Feb 24  8173.6    8 34 11   20 24  21 35   6 15  7 26    6 08  14 51   .....   2 02    58   4 56.8  18 44
Sat Feb 24/Sun Feb 25  8174.6    8 38 08   20 23  21 34   6 16  7 27    6 11  14 55   .....   2 58    69   5 57.3  20 21
Sun Feb 25/Mon Feb 26  8175.6    8 42 05   20 22  21 33   6 17  7 27    6 14  15 00   .....   3 58    80   6 59.6  20 41
Mon Feb 26/Tue Feb 27  8176.6    8 46 01   20 21  21 32   6 17  7 28    6 17  15 04   17 32   5 01    88   8 02.5  19 39
Tue Feb 27/Wed Feb 28  8177.6    8 49 58   20 20  21 31   6 18  7 29    6 20  15 09   18 27   6 05    95   9 04.4  17 18
Wed Feb 28/Thu Mar 01  8178.6    8 53 54   20 19  21 30   6 19  7 29    6 23  15 14   19 18  .....    99  10 04.4  13 51
