  Date (eve/morn)      JDmid    LMSTmidn   ---------- Sun: ---------   LST twilight:  ------------- Moon: --------------
  (2020 at start)    (-2450000)            set  twi.end twi.beg rise    eve    morn    rise   set  %illum   RA      Dec
Sun Nov 01/Mon Nov 02  9155.6    1 05 49   20 04  21 18   5 32  6 46   22 23   6 39   20 52  .....    98   3 41.1  17 54
Mon Nov 02/Tue Nov 03  9156.6    1 09 45   20 05  21 19   5 31  6 45   22 28   6 42   21 45  .....    94   4 30.4  21 12
Tue Nov 03/Wed Nov 04  9157.6    1 13 42   20 06  21 20   5 30  6 44   22 33   6 45   22 40  .....    89   5 21.9  23 37
Wed Nov 04/Thu Nov 05  9158.6    1 17 39   20 06  21 21   5 30  6 44   22 38   6 48   23 34  .....    82   6 15.3  24 58
Thu Nov 05/Fri Nov 06  9159.6    1 21 35   20 07  21 21   5 29  6 43   22 43   6 51    0 27  .....    74   7 10.2  25 07
Fri Nov 06/Sat Nov 07  9160.6    1 25 32   20 08  21 22   5 28  6 43   22 47   6 54    1 18  .....    64   8 05.6  24 01
Sat Nov 07/Sun Nov 08  9161.6    1 29 28   20 08  21 23   5 27  6 42   22 52   6 58    2 06  .....    54   9 00.6  21 40
Sun Nov 08/Mon Nov 09  9162.6    1 33 25   20 09  21 24   5 27  6 42   22 57   7 01    2 50  .....    44   9 54.9  18 08
Mon Nov 09/Tue Nov 10  9163.6    1 37 21   20 10  21 25   5 26  6 41   23 02   7 04    3 32  .....    33  10 48.2  13 36
Tue Nov 10/Wed Nov 11  9164.6    1 41 18   20 10  21 26   5 25  6 41   23 07   7 07    4 13  .....    23  11 40.9   8 14
Wed Nov 11/Thu Nov 12  9165.6    1 45 14   20 11  21 27   5 25  6 40   23 12   7 11    4 52  .....    14  12 33.5   2 20
Thu Nov 12/Fri Nov 13  9166.6    1 49 11   20 12  21 28   5 24  6 40   23 16   7 14    5 32  17 35     7  13 27.0 - 3 49
Fri Nov 13/Sat Nov 14  9167.6    1 53 08   20 12  21 29   5 23  6 39   23 21   7 17    6 15  18 41     2  14 22.1 - 9 48
Sat Nov 14/Sun Nov 15  9168.6    1 57 04   20 13  21 29   5 23  6 39   23 26   7 21   .....  19 49     0  15 19.5 -15 14
Sun Nov 15/Mon Nov 16  9169.6    2 01 01   20 14  21 30   5 22  6 39   23 31   7 24   .....  20 58     1  16 19.4 -19 40
Mon Nov 16/Tue Nov 17  9170.6    2 04 57   20 15  21 31   5 22  6 38   23 36   7 27   .....  22 07     5  17 21.3 -22 44
Tue Nov 17/Wed Nov 18  9171.6    2 08 54   20 15  21 32   5 21  6 38   23 41   7 31   .....  23 13    11  18 23.8 -24 13
Wed Nov 18/Thu Nov 19  9172.6    2 12 50   20 16  21 33   5 21  6 38   23 46   7 34   .....   0 12    19  19 25.2 -24 06
Thu Nov 19/Fri Nov 20  9173.6    2 16 47   20 17  21 34   5 20  6 37   23 50   7 38   .....   1 05    29  20 23.8 -22 30
Fri Nov 20/Sat Nov 21  9174.6    2 20 43   20 18  21 35   5 20  6 37   23 55   7 41   .....   1 51    39  21 18.9 -19 43
Sat Nov 21/Sun Nov 22  9175.6    2 24 40   20 18  21 36   5 19  6 37    0 00   7 45   .....   2 30    49  22 10.2 -16 01
Sun Nov 22/Mon Nov 23  9176.6    2 28 37   20 19  21 37   5 19  6 37    0 05   7 49   .....   3 06    59  22 58.3 -11 40
Mon Nov 23/Tue Nov 24  9177.6    2 32 33   20 20  21 38   5 19  6 37    0 10   7 52   .....   3 39    68  23 44.0 - 6 55
Tue Nov 24/Wed Nov 25  9178.6    2 36 30   20 21  21 39   5 18  6 37    0 15   7 56   .....   4 10    77   0 28.1 - 1 56
Wed Nov 25/Thu Nov 26  9179.6    2 40 26   20 21  21 40   5 18  6 36    0 20   7 59   .....   4 40    84   1 11.6   3 06
Thu Nov 26/Fri Nov 27  9180.6    2 44 23   20 22  21 40   5 18  6 36    0 24   8 03   .....   5 12    91   1 55.4   8 02
Fri Nov 27/Sat Nov 28  9181.6    2 48 19   20 23  21 41   5 18  6 36    0 29   8 07   17 55   5 44    95   2 40.3  12 42
Sat Nov 28/Sun Nov 29  9182.6    2 52 16   20 23  21 42   5 17  6 36    0 34   8 11   18 47   6 20    99   3 27.0  16 56
Sun Nov 29/Mon Nov 30  9183.6    2 56 12   20 24  21 43   5 17  6 36    0 39   8 14   19 40  .....   100   4 16.0  20 31
Mon Nov 30/Tue Dec 01  9184.6    3 00 09   20 25  21 44   5 17  6 36    0 44   8 18   20 34  .....    99   5 07.6  23 15
