  Date (eve/morn)      JDmid    LMSTmidn   ---------- Sun: ---------   LST twilight:  ------------- Moon: --------------
  (2013 at start)    (-2450000)            set  twi.end twi.beg rise    eve    morn    rise   set  %illum   RA      Dec
Tue Oct 01/Wed Oct 02  6567.7    0 02 33   18 48  19 58   5 04  6 13   20 00   5 07    4 27  .....     9  10 21.1   5 44
Wed Oct 02/Thu Oct 03  6568.7    0 06 30   18 49  19 58   5 03  6 12   20 04   5 10    5 05  16 50     4  11 08.7   1 35
Thu Oct 03/Fri Oct 04  6569.7    0 10 27   18 49  19 59   5 02  6 11   20 08   5 13    5 43  17 45     1  11 57.2 - 2 42
Fri Oct 04/Sat Oct 05  6570.7    0 14 23   18 50  19 59   5 01  6 10   20 13   5 16    6 24  18 41     0  12 47.2 - 6 56
Sat Oct 05/Sun Oct 06  6571.7    0 18 20   18 50  20 00   5 00  6 09   20 17   5 19    7 07  19 40     1  13 39.1 -10 53
Sun Oct 06/Mon Oct 07  6572.7    0 22 16   18 51  20 00   4 58  6 08   20 22   5 21   .....  20 40     5  14 33.4 -14 19
Mon Oct 07/Tue Oct 08  6573.7    0 26 13   18 51  20 01   4 57  6 07   20 26   5 24   .....  21 41    11  15 30.0 -16 57
Tue Oct 08/Wed Oct 09  6574.7    0 30 09   18 51  20 01   4 56  6 06   20 31   5 27   .....  22 42    19  16 28.4 -18 35
Wed Oct 09/Thu Oct 10  6575.7    0 34 06   18 52  20 02   4 55  6 05   20 35   5 30   .....  23 41    29  17 28.1 -19 03
Thu Oct 10/Fri Oct 11  6576.7    0 38 02   18 52  20 02   4 54  6 04   20 40   5 33   .....   0 38    40  18 27.9 -18 17
Fri Oct 11/Sat Oct 12  6577.7    0 41 59   18 53  20 03   4 53  6 03   20 44   5 36   .....   1 30    52  19 26.9 -16 21
Sat Oct 12/Sun Oct 13* 6578.7    0 45 56   18 53  20 04   5 52  7 02   20 49   5 39   .....   3 19    63  20 24.4 -13 23
Sun Oct 13/Mon Oct 14  6579.6   23 49 42   19 54  21 04   5 51  7 01   20 53   5 41   .....   4 04    73  21 18.6 - 9 49
Mon Oct 14/Tue Oct 15  6580.6   23 53 39   19 54  21 05   5 50  7 00   20 58   5 44   .....   4 46    83  22 13.0 - 5 30
Tue Oct 15/Wed Oct 16  6581.6   23 57 35   19 55  21 05   5 49  6 59   21 03   5 47   .....   5 27    91  23 06.1 - 0 53
Wed Oct 16/Thu Oct 17  6582.6    0 01 32   19 55  21 06   5 48  6 58   21 07   5 50   17 42   6 08    96  23 58.5   3 44
Thu Oct 17/Fri Oct 18  6583.6    0 05 28   19 56  21 07   5 47  6 58   21 12   5 53   18 39   6 48    99   0 50.5   8 07
Fri Oct 18/Sat Oct 19  6584.6    0 09 25   19 56  21 07   5 45  6 57   21 16   5 56   19 36  .....   100   1 42.5  12 02
Sat Oct 19/Sun Oct 20  6585.6    0 13 22   19 57  21 08   5 44  6 56   21 21   5 59   20 32  .....    98   2 34.7  15 17
Sun Oct 20/Mon Oct 21  6586.6    0 17 18   19 57  21 09   5 43  6 55   21 26   6 02   21 27  .....    95   3 27.1  17 44
Mon Oct 21/Tue Oct 22  6587.6    0 21 15   19 58  21 09   5 42  6 54   21 30   6 05   22 20  .....    90   4 19.3  19 18
Tue Oct 22/Wed Oct 23  6588.6    0 25 11   19 58  21 10   5 41  6 53   21 35   6 08   23 11  .....    83   5 11.2  19 56
Wed Oct 23/Thu Oct 24  6589.6    0 29 08   19 59  21 11   5 40  6 52   21 40   6 11   23 59  .....    75   6 02.2  19 39
Thu Oct 24/Fri Oct 25  6590.6    0 33 04   19 59  21 12   5 39  6 52   21 44   6 13    0 44  .....    67   6 52.2  18 32
Fri Oct 25/Sat Oct 26  6591.6    0 37 01   20 00  21 12   5 39  6 51   21 49   6 16    1 27  .....    58   7 40.9  16 39
Sat Oct 26/Sun Oct 27  6592.6    0 40 57   20 01  21 13   5 38  6 50   21 54   6 19    2 07  .....    48   8 28.7  14 04
Sun Oct 27/Mon Oct 28  6593.6    0 44 54   20 01  21 14   5 37  6 49   21 58   6 22    2 45  .....    39   9 15.6  10 55
Mon Oct 28/Tue Oct 29  6594.6    0 48 51   20 02  21 15   5 36  6 49   22 03   6 26    3 22  .....    30  10 02.2   7 18
Tue Oct 29/Wed Oct 30  6595.6    0 52 47   20 02  21 15   5 35  6 48   22 08   6 29    3 59  .....    21  10 49.1   3 19
Wed Oct 30/Thu Oct 31  6596.6    0 56 44   20 03  21 16   5 34  6 47   22 12   6 32    4 37  .....    13  11 36.8 - 0 53
Thu Oct 31/Fri Nov 01  6597.6    1 00 40   20 04  21 17   5 33  6 47   22 17   6 35    5 16  17 27     7  12 26.0 - 5 08
