  Date (eve/morn)      JDmid    LMSTmidn   ---------- Sun: ---------   LST twilight:  ------------- Moon: --------------
  (2011 at start)    (-2450000)            set  twi.end twi.beg rise    eve    morn    rise   set  %illum   RA      Dec
Sun May 01/Mon May 02  5683.7   13 57 18   18 21  19 31   5 46  6 56    9 28  19 44    6 19  17 13     1   1 41.9  15 12
Mon May 02/Tue May 03  5684.7   14 01 15   18 21  19 31   5 47  6 57    9 31  19 49    7 12  17 51     0   2 29.6  18 35
Tue May 03/Wed May 04  5685.7   14 05 12   18 20  19 30   5 47  6 57    9 35  19 53   .....  18 32     1   3 19.5  21 12
Wed May 04/Thu May 05  5686.7   14 09 08   18 19  19 30   5 47  6 58    9 38  19 57   .....  19 18     3   4 11.6  22 54
Thu May 05/Fri May 06  5687.7   14 13 05   18 19  19 29   5 48  6 58    9 41  20 02   .....  20 09     8   5 05.5  23 32
Fri May 06/Sat May 07  5688.7   14 17 01   18 18  19 29   5 48  6 58    9 45  20 06   .....  21 03    14   6 00.3  22 59
Sat May 07/Sun May 08  5689.7   14 20 58   18 18  19 28   5 48  6 59    9 48  20 10   .....  22 00    22   6 55.3  21 14
Sun May 08/Mon May 09  5690.7   14 24 54   18 17  19 28   5 49  6 59    9 52  20 15   .....  22 59    31   7 49.8  18 20
Mon May 09/Tue May 10  5691.7   14 28 51   18 16  19 27   5 49  7 00    9 55  20 19   .....  23 59    42   8 43.4  14 24
Tue May 10/Wed May 11  5692.7   14 32 47   18 16  19 27   5 50  7 00    9 59  20 23   .....   0 59    53   9 36.3   9 38
Wed May 11/Thu May 12  5693.7   14 36 44   18 15  19 26   5 50  7 01   10 02  20 28   .....   2 00    64  10 29.0   4 15
Thu May 12/Fri May 13  5694.7   14 40 41   18 15  19 26   5 50  7 01   10 06  20 32   .....   3 02    75  11 22.3 - 1 29
Fri May 13/Sat May 14  5695.7   14 44 37   18 14  19 25   5 51  7 02   10 09  20 36   .....   4 06    84  12 16.9 - 7 16
Sat May 14/Sun May 15  5696.7   14 48 34   18 14  19 25   5 51  7 02   10 13  20 41   .....   5 11    92  13 13.7 -12 41
Sun May 15/Mon May 16  5697.7   14 52 30   18 13  19 25   5 52  7 03   10 16  20 45   16 27   6 18    97  14 13.2 -17 20
Mon May 16/Tue May 17  5698.7   14 56 27   18 13  19 24   5 52  7 03   10 20  20 49   17 17   7 25   100  15 15.1 -20 49
Tue May 17/Wed May 18  5699.7   15 00 23   18 12  19 24   5 52  7 04   10 24  20 54   18 11  .....    99  16 18.3 -22 51
Wed May 18/Thu May 19  5700.7   15 04 20   18 12  19 24   5 53  7 04   10 27  20 58   19 10  .....    96  17 21.2 -23 18
Thu May 19/Fri May 20  5701.7   15 08 16   18 12  19 23   5 53  7 05   10 31  21 02   20 11  .....    90  18 21.9 -22 14
Fri May 20/Sat May 21  5702.7   15 12 13   18 11  19 23   5 53  7 05   10 34  21 07   21 11  .....    83  19 19.2 -19 53
Sat May 21/Sun May 22  5703.7   15 16 10   18 11  19 23   5 54  7 06   10 38  21 11   22 10  .....    74  20 12.5 -16 34
Sun May 22/Mon May 23  5704.7   15 20 06   18 11  19 22   5 54  7 06   10 42  21 15   23 05  .....    65  21 02.3 -12 35
Mon May 23/Tue May 24  5705.7   15 24 03   18 10  19 22   5 55  7 07   10 46  21 20   23 59  .....    55  21 49.0 - 8 10
Tue May 24/Wed May 25  5706.7   15 27 59   18 10  19 22   5 55  7 07   10 49  21 24    0 50  .....    46  22 33.7 - 3 33
Wed May 25/Thu May 26  5707.7   15 31 56   18 10  19 22   5 55  7 08   10 53  21 28    1 40  .....    36  23 17.2   1 09
Thu May 26/Fri May 27  5708.7   15 35 52   18 10  19 22   5 56  7 08   10 57  21 33    2 30  .....    27   0 00.5   5 46
Fri May 27/Sat May 28  5709.7   15 39 49   18 09  19 22   5 56  7 08   11 01  21 37    3 20  .....    20   0 44.4  10 09
Sat May 28/Sun May 29  5710.7   15 43 45   18 09  19 21   5 56  7 09   11 04  21 41    4 12  .....    13   1 29.7  14 12
Sun May 29/Mon May 30  5711.7   15 47 42   18 09  19 21   5 57  7 09   11 08  21 46    5 05  .....     7   2 16.9  17 43
Mon May 30/Tue May 31  5712.7   15 51 39   18 09  19 21   5 57  7 10   11 12  21 50    5 59  16 29     3   3 06.4  20 33
Tue May 31/Wed Jun 01  5713.7   15 55 35   18 09  19 21   5 58  7 10   11 16  21 54    6 54  17 14     1   3 58.4  22 30
