  Date (eve/morn)      JDmid    LMSTmidn   ---------- Sun: ---------   LST twilight:  ------------- Moon: --------------
  (2020 at start)    (-2450000)            set  twi.end twi.beg rise    eve    morn    rise   set  %illum   RA      Dec
Wed Jul 01/Thu Jul 02  9032.7   18 01 02   18 13  19 26   6 05  7 19   13 26   0 08   .....   4 53    88  15 58.0 -17 56
Thu Jul 02/Fri Jul 03  9033.7   18 04 59   18 13  19 26   6 06  7 19   13 30   0 12   .....   5 57    95  16 57.1 -21 22
Fri Jul 03/Sat Jul 04  9034.7   18 08 56   18 13  19 27   6 06  7 19   13 35   0 15   16 40   7 00    99  17 57.8 -23 27
Sat Jul 04/Sun Jul 05  9035.7   18 12 52   18 14  19 27   6 06  7 19   13 39   0 19   17 36   7 58   100  18 58.8 -24 03
Sun Jul 05/Mon Jul 06  9036.7   18 16 49   18 14  19 27   6 06  7 19   13 43   0 23   18 34  .....    99  19 58.2 -23 10
Mon Jul 06/Tue Jul 07  9037.7   18 20 45   18 15  19 27   6 06  7 18   13 47   0 27   19 33  .....    95  20 54.9 -20 59
Tue Jul 07/Wed Jul 08  9038.7   18 24 42   18 15  19 28   6 06  7 18   13 52   0 31   20 31  .....    90  21 48.2 -17 47
Wed Jul 08/Thu Jul 09  9039.7   18 28 38   18 15  19 28   6 06  7 18   13 56   0 35   21 27  .....    83  22 38.0 -13 50
Thu Jul 09/Fri Jul 10  9040.7   18 32 35   18 16  19 28   6 05  7 18   14 00   0 39   22 21  .....    75  23 24.9 - 9 23
Fri Jul 10/Sat Jul 11  9041.7   18 36 31   18 16  19 29   6 05  7 18   14 05   0 43   23 12  .....    66   0 09.7 - 4 40
Sat Jul 11/Sun Jul 12  9042.7   18 40 28   18 17  19 29   6 05  7 18   14 09   0 47    0 02  .....    57   0 53.2   0 10
Sun Jul 12/Mon Jul 13  9043.7   18 44 25   18 17  19 30   6 05  7 18   14 13   0 51    0 52  .....    47   1 36.5   4 58
Mon Jul 13/Tue Jul 14  9044.7   18 48 21   18 17  19 30   6 05  7 17   14 17   0 54    1 43  .....    38   2 20.4   9 34
Tue Jul 14/Wed Jul 15  9045.7   18 52 18   18 18  19 30   6 05  7 17   14 22   0 58    2 34  .....    29   3 05.8  13 52
Wed Jul 15/Thu Jul 16  9046.7   18 56 14   18 18  19 31   6 05  7 17   14 26   1 02    3 28  .....    21   3 53.4  17 39
Thu Jul 16/Fri Jul 17  9047.7   19 00 11   18 19  19 31   6 05  7 17   14 30   1 06    4 24  .....    13   4 43.7  20 46
Fri Jul 17/Sat Jul 18  9048.7   19 04 07   18 19  19 31   6 04  7 16   14 35   1 09    5 21  .....     7   5 37.1  22 57
Sat Jul 18/Sun Jul 19  9049.7   19 08 04   18 20  19 32   6 04  7 16   14 39   1 13    6 18  16 28     3   6 33.1  24 00
Sun Jul 19/Mon Jul 20  9050.7   19 12 00   18 20  19 32   6 04  7 16   14 43   1 17    7 14  17 24     0   7 30.8  23 46
Mon Jul 20/Tue Jul 21  9051.7   19 15 57   18 20  19 32   6 04  7 15   14 48   1 21   .....  18 25     0   8 29.0  22 09
Tue Jul 21/Wed Jul 22  9052.7   19 19 54   18 21  19 33   6 03  7 15   14 52   1 24   .....  19 28     3   9 26.5  19 12
Wed Jul 22/Thu Jul 23  9053.7   19 23 50   18 21  19 33   6 03  7 15   14 56   1 28   .....  20 31     7  10 22.5  15 08
Thu Jul 23/Fri Jul 24  9054.7   19 27 47   18 22  19 33   6 03  7 14   15 00   1 32   .....  21 34    14  11 16.7  10 10
Fri Jul 24/Sat Jul 25  9055.7   19 31 43   18 22  19 34   6 02  7 14   15 05   1 35   .....  22 37    23  12 09.5   4 38
Sat Jul 25/Sun Jul 26  9056.7   19 35 40   18 23  19 34   6 02  7 13   15 09   1 39   .....  23 38    34  13 01.6 - 1 09
Sun Jul 26/Mon Jul 27  9057.7   19 39 36   18 23  19 34   6 02  7 13   15 13   1 42   .....   0 40    45  13 53.9 - 6 53
Mon Jul 27/Tue Jul 28  9058.7   19 43 33   18 24  19 35   6 01  7 12   15 18   1 46   .....   1 42    57  14 47.2 -12 13
Tue Jul 28/Wed Jul 29  9059.7   19 47 29   18 24  19 35   6 01  7 12   15 22   1 49   .....   2 44    68  15 42.3 -16 53
Wed Jul 29/Thu Jul 30  9060.7   19 51 26   18 24  19 35   6 00  7 11   15 26   1 53   .....   3 47    78  16 39.4 -20 33
Thu Jul 30/Fri Jul 31  9061.7   19 55 23   18 25  19 36   6 00  7 11   15 30   1 56   .....   4 49    86  17 38.3 -23 00
Fri Jul 31/Sat Aug 01  9062.7   19 59 19   18 25  19 36   6 00  7 10   15 35   2 00   .....   5 48    93  18 38.1 -24 02
