  Date (eve/morn)      JDmid    LMSTmidn   ---------- Sun: ---------   LST twilight:  ------------- Moon: --------------
  (2017 at start)    (-2450000)            set  twi.end twi.beg rise    eve    morn    rise   set  %illum   RA      Dec
Wed Mar 01/Thu Mar 02  7814.6    8 58 48   20 18  21 28   6 20  7 30    6 27  15 19   .....  22 41    15   1 43.7   6 52
Thu Mar 02/Fri Mar 03  7815.6    9 02 45   20 17  21 27   6 20  7 30    6 30  15 24   .....  23 26    24   2 38.7  11 00
Fri Mar 03/Sat Mar 04  7816.6    9 06 41   20 16  21 26   6 21  7 31    6 32  15 29   .....   0 13    34   3 35.3  14 33
Sat Mar 04/Sun Mar 05  7817.6    9 10 38   20 15  21 25   6 21  7 31    6 35  15 33   .....   1 04    45   4 33.3  17 15
Sun Mar 05/Mon Mar 06  7818.6    9 14 34   20 14  21 24   6 22  7 32    6 38  15 38   .....   1 57    57   5 32.5  18 56
Mon Mar 06/Tue Mar 07  7819.6    9 18 31   20 13  21 23   6 23  7 32    6 41  15 42   .....   2 54    68   6 32.2  19 28
Tue Mar 07/Wed Mar 08  7820.6    9 22 27   20 12  21 22   6 23  7 33    6 44  15 47   .....   3 52    78   7 31.5  18 49
Wed Mar 08/Thu Mar 09  7821.6    9 26 24   20 11  21 21   6 24  7 33    6 47  15 51   17 14   4 51    86   8 29.4  17 05
Thu Mar 09/Fri Mar 10  7822.6    9 30 21   20 10  21 20   6 24  7 34    6 50  15 56   18 03   5 50    93   9 25.4  14 24
Fri Mar 10/Sat Mar 11  7823.6    9 34 17   20 09  21 19   6 25  7 34    6 52  16 00   18 48   6 47    98  10 19.2  11 00
Sat Mar 11/Sun Mar 12* 7824.6    9 38 14   20 08  21 18   5 25  6 35    6 55  16 05   19 29  .....   100  11 10.9   7 08
Sun Mar 12/Mon Mar 13  7825.7   10 42 20   19 07  20 16   5 26  6 35    6 58  16 09   19 09  .....   100  12 02.0   2 50
Mon Mar 13/Tue Mar 14  7826.7   10 46 17   19 06  20 15   5 27  6 35    7 01  16 14   19 46  .....    97  12 50.5 - 1 19
Tue Mar 14/Wed Mar 15  7827.7   10 50 13   19 05  20 14   5 27  6 36    7 04  16 18   20 23  .....    93  13 38.2 - 5 18
Wed Mar 15/Thu Mar 16  7828.7   10 54 10   19 04  20 13   5 28  6 36    7 07  16 23   21 00  .....    87  14 25.6 - 8 58
Thu Mar 16/Fri Mar 17  7829.7   10 58 06   19 03  20 12   5 28  6 37    7 10  16 27   21 38  .....    80  15 13.2 -12 11
Fri Mar 17/Sat Mar 18  7830.7   11 02 03   19 02  20 11   5 29  6 37    7 13  16 32   22 17  .....    72  16 01.2 -14 50
Sat Mar 18/Sun Mar 19  7831.7   11 05 59   19 01  20 10   5 29  6 38    7 15  16 36   22 59  .....    63  16 49.9 -16 49
Sun Mar 19/Mon Mar 20  7832.7   11 09 56   19 00  20 09   5 30  6 38    7 18  16 40   23 43  .....    54  17 39.4 -18 03
Mon Mar 20/Tue Mar 21  7833.7   11 13 53   18 59  20 08   5 30  6 39    7 21  16 45    0 30  .....    45  18 29.7 -18 28
Tue Mar 21/Wed Mar 22  7834.7   11 17 49   18 58  20 07   5 30  6 39    7 24  16 49    1 20  .....    35  19 20.7 -18 02
Wed Mar 22/Thu Mar 23  7835.7   11 21 46   18 57  20 06   5 31  6 39    7 27  16 54    2 13  .....    26  20 12.1 -16 43
Thu Mar 23/Fri Mar 24  7836.7   11 25 42   18 56  20 05   5 31  6 40    7 30  16 58    3 08  .....    18  21 03.9 -14 32
Fri Mar 24/Sat Mar 25  7837.7   11 29 39   18 55  20 04   5 32  6 40    7 33  17 02    4 05  16 41    10  21 55.9 -11 32
Sat Mar 25/Sun Mar 26  7838.7   11 33 35   18 54  20 03   5 32  6 41    7 36  17 07    5 04  17 25     5  22 48.2 - 7 51
Sun Mar 26/Mon Mar 27  7839.7   11 37 32   18 53  20 02   5 33  6 41    7 38  17 11    6 04  18 07     1  23 40.9 - 3 38
Mon Mar 27/Tue Mar 28  7840.7   11 41 28   18 52  20 01   5 33  6 41    7 41  17 15    7 06  18 50     0   0 34.2   0 55
Tue Mar 28/Wed Mar 29  7841.7   11 45 25   18 51  20 00   5 34  6 42    7 44  17 20   .....  19 34     2   1 28.6   5 31
Wed Mar 29/Thu Mar 30  7842.7   11 49 22   18 50  19 59   5 34  6 42    7 47  17 24   .....  20 19     6   2 24.4   9 52
Thu Mar 30/Fri Mar 31  7843.7   11 53 18   18 49  19 58   5 34  6 43    7 50  17 29   .....  21 07    12   3 21.7  13 41
Fri Mar 31/Sat Apr 01  7844.7   11 57 15   18 48  19 57   5 35  6 43    7 53  17 33   .....  21 58    21   4 20.5  16 40
