  Date (eve/morn)      JDmid    LMSTmidn   ---------- Sun: ---------   LST twilight:  ------------- Moon: --------------
  (2014 at start)    (-2450000)            set  twi.end twi.beg rise    eve    morn    rise   set  %illum   RA      Dec
Tue Jul 01/Wed Jul 02  6840.7   17 58 53   18 13  19 26   6 05  7 19   13 24   0 05   .....  22 07    19  10 12.1   6 57
Wed Jul 02/Thu Jul 03  6841.7   18 02 50   18 13  19 26   6 05  7 19   13 28   0 09   .....  22 57    27  10 57.1   3 14
Thu Jul 03/Fri Jul 04  6842.7   18 06 46   18 13  19 26   6 06  7 19   13 32   0 13   .....  23 47    36  11 42.4 - 0 38
Fri Jul 04/Sat Jul 05  6843.7   18 10 43   18 14  19 27   6 06  7 19   13 37   0 17   .....   0 39    46  12 28.7 - 4 33
Sat Jul 05/Sun Jul 06  6844.7   18 14 39   18 14  19 27   6 06  7 19   13 41   0 21   .....   1 32    56  13 16.7 - 8 23
Sun Jul 06/Mon Jul 07  6845.7   18 18 36   18 14  19 27   6 06  7 18   13 45   0 25   .....   2 27    66  14 07.2 -11 56
Mon Jul 07/Tue Jul 08  6846.7   18 22 32   18 15  19 28   6 06  7 18   13 49   0 29   .....   3 25    76  15 00.8 -15 00
Tue Jul 08/Wed Jul 09  6847.7   18 26 29   18 15  19 28   6 06  7 18   13 54   0 33   .....   4 25    85  15 57.9 -17 20
Wed Jul 09/Thu Jul 10  6848.7   18 30 25   18 16  19 28   6 05  7 18   13 58   0 37   .....   5 25    92  16 58.2 -18 40
Thu Jul 10/Fri Jul 11  6849.7   18 34 22   18 16  19 29   6 05  7 18   14 02   0 41   16 26   6 25    97  18 01.0 -18 45
Fri Jul 11/Sat Jul 12  6850.7   18 38 19   18 16  19 29   6 05  7 18   14 07   0 45   17 29   7 23   100  19 04.8 -17 31
Sat Jul 12/Sun Jul 13  6851.7   18 42 15   18 17  19 29   6 05  7 18   14 11   0 48   18 35  .....    99  20 08.0 -14 59
Sun Jul 13/Mon Jul 14  6852.7   18 46 12   18 17  19 30   6 05  7 18   14 15   0 52   19 41  .....    95  21 09.5 -11 24
Mon Jul 14/Tue Jul 15  6853.7   18 50 08   18 18  19 30   6 05  7 17   14 19   0 56   20 47  .....    89  22 08.6 - 7 05
Tue Jul 15/Wed Jul 16  6854.7   18 54 05   18 18  19 30   6 05  7 17   14 24   1 00   21 51  .....    80  23 05.3 - 2 25
Wed Jul 16/Thu Jul 17  6855.7   18 58 01   18 18  19 31   6 05  7 17   14 28   1 04   22 53  .....    70   0 00.0   2 15
Thu Jul 17/Fri Jul 18  6856.7   19 01 58   18 19  19 31   6 04  7 17   14 32   1 07   23 52  .....    59   0 53.3   6 40
Fri Jul 18/Sat Jul 19  6857.7   19 05 54   18 19  19 31   6 04  7 16   14 37   1 11    0 50  .....    48   1 45.7  10 36
Sat Jul 19/Sun Jul 20  6858.7   19 09 51   18 20  19 32   6 04  7 16   14 41   1 15    1 47  .....    38   2 37.7  13 54
Sun Jul 20/Mon Jul 21  6859.7   19 13 48   18 20  19 32   6 04  7 16   14 45   1 19    2 42  .....    28   3 29.5  16 26
Mon Jul 21/Tue Jul 22  6860.7   19 17 44   18 21  19 32   6 03  7 15   14 49   1 22    3 35  .....    20   4 21.2  18 08
Tue Jul 22/Wed Jul 23  6861.7   19 21 41   18 21  19 33   6 03  7 15   14 54   1 26    4 27  .....    13   5 12.6  18 58
Wed Jul 23/Thu Jul 24  6862.7   19 25 37   18 22  19 33   6 03  7 14   14 58   1 30    5 15  .....     7   6 03.4  18 55
Thu Jul 24/Fri Jul 25  6863.7   19 29 34   18 22  19 34   6 03  7 14   15 02   1 33    6 01  16 42     3   6 53.3  18 03
Fri Jul 25/Sat Jul 26  6864.7   19 33 30   18 22  19 34   6 02  7 14   15 07   1 37    6 44  17 32     1   7 42.2  16 25
Sat Jul 26/Sun Jul 27  6865.7   19 37 27   18 23  19 34   6 02  7 13   15 11   1 40    7 24  18 23     0   8 29.7  14 06
Sun Jul 27/Mon Jul 28  6866.7   19 41 23   18 23  19 35   6 01  7 13   15 15   1 44   .....  19 13     1   9 16.1  11 15
Mon Jul 28/Tue Jul 29  6867.7   19 45 20   18 24  19 35   6 01  7 12   15 20   1 47   .....  20 03     4  10 01.6   7 58
Tue Jul 29/Wed Jul 30  6868.7   19 49 17   18 24  19 35   6 01  7 12   15 24   1 51   .....  20 53     9  10 46.5   4 22
Wed Jul 30/Thu Jul 31  6869.7   19 53 13   18 25  19 36   6 00  7 11   15 28   1 54   .....  21 43    15  11 31.3   0 36
Thu Jul 31/Fri Aug 01  6870.7   19 57 10   18 25  19 36   6 00  7 11   15 32   1 58   .....  22 33    22  12 16.6 - 3 15
