  Date (eve/morn)      JDmid    LMSTmidn   ---------- Sun: ---------   LST twilight:  ------------- Moon: --------------
  (2022 at start)    (-2450000)            set  twi.end twi.beg rise    eve    morn    rise   set  %illum   RA      Dec
Sat Oct 01/Sun Oct 02  9854.7    0 01 51   18 48  19 58   5 04  6 13   19 59   5 07   .....   0 53    40  17 46.5 -26 39
Sun Oct 02/Mon Oct 03  9855.7    0 05 47   18 49  19 58   5 03  6 12   20 03   5 10   .....   1 55    51  18 50.0 -27 01
Mon Oct 03/Tue Oct 04  9856.7    0 09 44   18 49  19 59   5 02  6 11   20 08   5 13   .....   2 52    63  19 53.5 -25 34
Tue Oct 04/Wed Oct 05  9857.7    0 13 41   18 50  19 59   5 01  6 10   20 12   5 15   .....   3 43    73  20 55.0 -22 26
Wed Oct 05/Thu Oct 06  9858.7    0 17 37   18 50  20 00   5 00  6 09   20 17   5 18   .....   4 27    83  21 53.3 -17 54
Thu Oct 06/Fri Oct 07  9859.7    0 21 34   18 50  20 00   4 59  6 08   20 21   5 21   .....   5 06    91  22 48.2 -12 20
Fri Oct 07/Sat Oct 08  9860.7    0 25 30   18 51  20 01   4 58  6 07   20 25   5 24   .....   5 42    96  23 40.3 - 6 08
Sat Oct 08/Sun Oct 09* 9861.7    0 29 27   18 51  20 01   5 56  7 06   20 30   5 27   17 39   7 16    99   0 30.4   0 18
Sun Oct 09/Mon Oct 10  9862.6   23 33 14   19 52  21 02   5 55  7 05   20 34   5 29   19 38  .....   100   1 18.5   6 21
Mon Oct 10/Tue Oct 11  9863.6   23 37 10   19 52  21 02   5 54  7 04   20 39   5 32   20 35  .....    98   2 07.6  12 16
Tue Oct 11/Wed Oct 12  9864.6   23 41 07   19 53  21 03   5 53  7 03   20 44   5 35   21 33  .....    94   2 57.5  17 29
Wed Oct 12/Thu Oct 13  9865.6   23 45 03   19 53  21 03   5 52  7 02   20 48   5 38   22 31  .....    88   3 48.5  21 47
Thu Oct 13/Fri Oct 14  9866.6   23 49 00   19 54  21 04   5 51  7 01   20 53   5 41   23 28  .....    81   4 40.9  25 00
Fri Oct 14/Sat Oct 15  9867.6   23 52 56   19 54  21 05   5 50  7 00   20 57   5 44    0 24  .....    73   5 34.2  27 01
Sat Oct 15/Sun Oct 16  9868.6   23 56 53   19 55  21 05   5 49  7 00   21 02   5 47    1 17  .....    64   6 27.9  27 45
Sun Oct 16/Mon Oct 17  9869.6    0 00 49   19 55  21 06   5 48  6 59   21 06   5 50    2 07  .....    55   7 21.0  27 12
Mon Oct 17/Tue Oct 18  9870.6    0 04 46   19 56  21 07   5 47  6 58   21 11   5 52    2 52  .....    46   8 12.9  25 27
Tue Oct 18/Wed Oct 19  9871.6    0 08 43   19 56  21 07   5 46  6 57   21 15   5 55    3 33  .....    36   9 02.9  22 37
Wed Oct 19/Thu Oct 20  9872.6    0 12 39   19 57  21 08   5 45  6 56   21 20   5 58    4 11  .....    28   9 51.2  18 50
Thu Oct 20/Fri Oct 21  9873.6    0 16 36   19 57  21 09   5 44  6 55   21 25   6 01    4 46  .....    19  10 37.9  14 14
Fri Oct 21/Sat Oct 22  9874.6    0 20 32   19 58  21 09   5 43  6 54   21 29   6 04    5 18  .....    12  11 23.6   8 59
Sat Oct 22/Sun Oct 23  9875.6    0 24 29   19 58  21 10   5 42  6 53   21 34   6 07    5 51  17 31     6  12 09.1   3 16
Sun Oct 23/Mon Oct 24  9876.6    0 28 25   19 59  21 11   5 41  6 53   21 39   6 10    6 24  18 27     2  12 55.4 - 2 43
Mon Oct 24/Tue Oct 25  9877.6    0 32 22   19 59  21 11   5 40  6 52   21 43   6 13   .....  19 25     0  13 43.3 - 8 44
Tue Oct 25/Wed Oct 26  9878.6    0 36 18   20 00  21 12   5 39  6 51   21 48   6 16   .....  20 26     0  14 34.0 -14 28
Wed Oct 26/Thu Oct 27  9879.6    0 40 15   20 00  21 13   5 38  6 50   21 53   6 19   .....  21 30     3  15 28.4 -19 33
Thu Oct 27/Fri Oct 28  9880.6    0 44 12   20 01  21 14   5 37  6 49   21 57   6 22   .....  22 37     9  16 26.7 -23 36
Fri Oct 28/Sat Oct 29  9881.6    0 48 08   20 02  21 14   5 36  6 49   22 02   6 25   .....  23 44    16  17 28.6 -26 13
Sat Oct 29/Sun Oct 30  9882.6    0 52 05   20 02  21 15   5 35  6 48   22 07   6 28   .....   0 49    26  18 32.6 -27 06
Sun Oct 30/Mon Oct 31  9883.6    0 56 01   20 03  21 16   5 34  6 47   22 12   6 31   .....   1 49    36  19 36.6 -26 08
Mon Oct 31/Tue Nov 01  9884.6    0 59 58   20 03  21 17   5 33  6 47   22 16   6 34   .....   2 41    48  20 38.5 -23 27
