  Date (eve/morn)      JDmid    LMSTmidn   ---------- Sun: ---------   LST twilight:  ------------- Moon: --------------
  (2013 at start)    (-2450000)            set  twi.end twi.beg rise    eve    morn    rise   set  %illum   RA      Dec
Fri Nov 01/Sat Nov 02  6598.6    1 04 37   20 04  21 18   5 32  6 46   22 22   6 38    5 59  18 25     3  13 17.4 - 9 15
Sat Nov 02/Sun Nov 03  6599.6    1 08 33   20 05  21 19   5 31  6 45   22 27   6 41    6 45  19 25     0  14 11.5 -12 58
Sun Nov 03/Mon Nov 04  6600.6    1 12 30   20 05  21 19   5 31  6 45   22 32   6 44   .....  20 27     0  15 08.3 -15 59
Mon Nov 04/Tue Nov 05  6601.6    1 16 26   20 06  21 20   5 30  6 44   22 36   6 47   .....  21 30     3  16 07.6 -18 03
Tue Nov 05/Wed Nov 06  6602.6    1 20 23   20 07  21 21   5 29  6 43   22 41   6 50   .....  22 32     9  17 08.5 -18 57
Wed Nov 06/Thu Nov 07  6603.6    1 24 20   20 07  21 22   5 28  6 43   22 46   6 53   .....  23 31    16  18 09.8 -18 34
Thu Nov 07/Fri Nov 08  6604.6    1 28 16   20 08  21 23   5 27  6 42   22 51   6 57   .....   0 27    26  19 10.3 -16 56
Fri Nov 08/Sat Nov 09  6605.6    1 32 13   20 09  21 24   5 27  6 42   22 56   7 00   .....   1 17    37  20 08.8 -14 12
Sat Nov 09/Sun Nov 10  6606.6    1 36 09   20 09  21 25   5 26  6 41   23 00   7 03   .....   2 03    48  21 05.2 -10 38
Sun Nov 10/Mon Nov 11  6607.6    1 40 06   20 10  21 26   5 25  6 41   23 05   7 06   .....   2 46    59  21 59.4 - 6 29
Mon Nov 11/Tue Nov 12  6608.6    1 44 02   20 11  21 26   5 25  6 40   23 10   7 10   .....   3 27    70  22 51.9 - 2 00
Tue Nov 12/Wed Nov 13  6609.6    1 47 59   20 12  21 27   5 24  6 40   23 15   7 13   .....   4 06    80  23 43.3   2 32
Wed Nov 13/Thu Nov 14  6610.6    1 51 55   20 12  21 28   5 23  6 39   23 20   7 16   .....   4 46    88   0 34.2   6 55
Thu Nov 14/Fri Nov 15  6611.6    1 55 52   20 13  21 29   5 23  6 39   23 25   7 20   17 28   5 26    94   1 25.2  10 56
Fri Nov 15/Sat Nov 16  6612.6    1 59 49   20 14  21 30   5 22  6 39   23 30   7 23   18 23   6 08    98   2 16.7  14 22
Sat Nov 16/Sun Nov 17  6613.6    2 03 45   20 14  21 31   5 22  6 38   23 34   7 26   19 18  .....   100   3 08.6  17 06
Sun Nov 17/Mon Nov 18  6614.6    2 07 42   20 15  21 32   5 21  6 38   23 39   7 30   20 11  .....   100   4 00.9  18 59
Mon Nov 18/Tue Nov 19  6615.6    2 11 38   20 16  21 33   5 21  6 38   23 44   7 33   21 03  .....    98   4 53.2  19 57
Tue Nov 19/Wed Nov 20  6616.6    2 15 35   20 17  21 34   5 20  6 38   23 49   7 37   21 52  .....    94   5 45.0  19 59
Wed Nov 20/Thu Nov 21  6617.6    2 19 31   20 17  21 35   5 20  6 37   23 54   7 40   22 39  .....    88   6 35.8  19 09
Thu Nov 21/Fri Nov 22  6618.6    2 23 28   20 18  21 36   5 20  6 37   23 59   7 44   23 23  .....    82   7 25.4  17 29
Fri Nov 22/Sat Nov 23  6619.6    2 27 24   20 19  21 37   5 19  6 37    0 04   7 47    0 03  .....    74   8 13.6  15 07
Sat Nov 23/Sun Nov 24  6620.6    2 31 21   20 20  21 37   5 19  6 37    0 08   7 51    0 42  .....    65   9 00.7  12 09
Sun Nov 24/Mon Nov 25  6621.6    2 35 18   20 20  21 38   5 18  6 37    0 13   7 55    1 19  .....    56   9 47.0   8 42
Mon Nov 25/Tue Nov 26  6622.6    2 39 14   20 21  21 39   5 18  6 36    0 18   7 58    1 55  .....    46  10 33.1   4 53
Tue Nov 26/Wed Nov 27  6623.6    2 43 11   20 22  21 40   5 18  6 36    0 23   8 02    2 32  .....    37  11 19.6   0 48
Wed Nov 27/Thu Nov 28  6624.6    2 47 07   20 23  21 41   5 18  6 36    0 28   8 06    3 09  .....    27  12 07.3 - 3 23
Thu Nov 28/Fri Nov 29  6625.6    2 51 04   20 23  21 42   5 17  6 36    0 33   8 09    3 49  .....    19  12 57.0 - 7 31
Fri Nov 29/Sat Nov 30  6626.6    2 55 00   20 24  21 43   5 17  6 36    0 38   8 13    4 33  .....    11  13 49.3 -11 23
Sat Nov 30/Sun Dec 01  6627.6    2 58 57   20 25  21 44   5 17  6 36    0 42   8 17    5 21  18 07     5  14 44.7 -14 44
