  Date (eve/morn)      JDmid    LMSTmidn   ---------- Sun: ---------   LST twilight:  ------------- Moon: --------------
  (2022 at start)    (-2450000)            set  twi.end twi.beg rise    eve    morn    rise   set  %illum   RA      Dec
Tue Feb 01/Wed Feb 02  9612.6    7 07 35   20 39  21 54   5 57  7 12    5 01  13 06   .....  21 26     1  21 54.5 -17 14
Wed Feb 02/Thu Feb 03  9613.6    7 11 31   20 38  21 53   5 58  7 13    5 04  13 11   .....  22 08     5  22 48.8 -12 05
Thu Feb 03/Fri Feb 04  9614.6    7 15 28   20 38  21 52   5 59  7 13    5 07  13 15   .....  22 45    10  23 39.4 - 6 24
Fri Feb 04/Sat Feb 05  9615.6    7 19 24   20 37  21 52   6 00  7 14    5 11  13 20   .....  23 19    18   0 27.3 - 0 35
Sat Feb 05/Sun Feb 06  9616.6    7 23 21   20 37  21 51   6 01  7 15    5 14  13 25   .....  23 52    26   1 13.7   5 09
Sun Feb 06/Mon Feb 07  9617.6    7 27 17   20 36  21 50   6 02  7 16    5 17  13 30   .....   0 24    36   1 59.5  10 33
Mon Feb 07/Tue Feb 08  9618.6    7 31 14   20 35  21 49   6 03  7 16    5 20  13 35   .....   0 58    45   2 45.7  15 27
Tue Feb 08/Wed Feb 09  9619.6    7 35 11   20 35  21 48   6 03  7 17    5 23  13 40   .....   1 34    55   3 33.1  19 41
Wed Feb 09/Thu Feb 10  9620.6    7 39 07   20 34  21 48   6 04  7 18    5 26  13 44   .....   2 13    64   4 22.3  23 07
Thu Feb 10/Fri Feb 11  9621.6    7 43 04   20 34  21 47   6 05  7 18    5 29  13 49   .....   2 56    73   5 13.4  25 34
Fri Feb 11/Sat Feb 12  9622.6    7 47 00   20 33  21 46   6 06  7 19    5 33  13 54   .....   3 44    81   6 06.3  26 55
Sat Feb 12/Sun Feb 13  9623.6    7 50 57   20 32  21 45   6 07  7 20    5 36  13 59   17 42   4 35    88   7 00.3  27 02
Sun Feb 13/Mon Feb 14  9624.6    7 54 53   20 32  21 44   6 08  7 20    5 39  14 04   18 31   5 30    93   7 54.5  25 52
Mon Feb 14/Tue Feb 15  9625.6    7 58 50   20 31  21 43   6 08  7 21    5 42  14 08   19 17   6 26    97   8 48.1  23 29
Tue Feb 15/Wed Feb 16  9626.6    8 02 46   20 30  21 42   6 09  7 22    5 45  14 13   19 59  .....    99   9 40.2  19 57
Wed Feb 16/Thu Feb 17  9627.6    8 06 43   20 29  21 41   6 10  7 22    5 48  14 18   20 38  .....   100  10 30.7  15 27
Thu Feb 17/Fri Feb 18  9628.6    8 10 40   20 29  21 40   6 11  7 23    5 51  14 23   21 14  .....    98  11 19.7  10 13
Fri Feb 18/Sat Feb 19  9629.6    8 14 36   20 28  21 40   6 12  7 23    5 54  14 27   21 48  .....    93  12 07.9   4 28
Sat Feb 19/Sun Feb 20  9630.6    8 18 33   20 27  21 39   6 12  7 24    5 57  14 32   22 22  .....    87  12 56.1 - 1 31
Sun Feb 20/Mon Feb 21  9631.6    8 22 29   20 26  21 38   6 13  7 25    6 00  14 37   22 56  .....    79  13 45.2 - 7 29
Mon Feb 21/Tue Feb 22  9632.6    8 26 26   20 25  21 37   6 14  7 25    6 03  14 41   23 33  .....    69  14 36.2 -13 07
Tue Feb 22/Wed Feb 23  9633.6    8 30 22   20 25  21 36   6 15  7 26    6 06  14 46    0 14  .....    59  15 30.0 -18 06
Wed Feb 23/Thu Feb 24  9634.6    8 34 19   20 24  21 35   6 15  7 26    6 09  14 51    1 00  .....    47  16 27.2 -22 06
Thu Feb 24/Fri Feb 25  9635.6    8 38 15   20 23  21 34   6 16  7 27    6 11  14 55    1 53  .....    36  17 27.6 -24 46
Fri Feb 25/Sat Feb 26  9636.6    8 42 12   20 22  21 33   6 17  7 27    6 14  15 00    2 53  .....    26  18 30.3 -25 50
Sat Feb 26/Sun Feb 27  9637.6    8 46 09   20 21  21 32   6 17  7 28    6 17  15 05    3 57  17 29    16  19 33.3 -25 10
Sun Feb 27/Mon Feb 28  9638.6    8 50 05   20 20  21 31   6 18  7 29    6 20  15 09    5 05  18 26     9  20 34.8 -22 50
Mon Feb 28/Tue Mar 01  9639.6    8 54 02   20 19  21 30   6 19  7 29    6 23  15 14    6 11  19 16     3  21 33.2 -19 03
