  Date (eve/morn)      JDmid    LMSTmidn   ---------- Sun: ---------   LST twilight:  ------------- Moon: --------------
  (2016 at start)    (-2450000)            set  twi.end twi.beg rise    eve    morn    rise   set  %illum   RA      Dec
Tue Nov 01/Wed Nov 02  7694.6    1 05 41   20 04  21 18   5 32  6 46   22 23   6 39   .....  21 49     5  16 17.9 -15 51
Wed Nov 02/Thu Nov 03  7695.6    1 09 38   20 05  21 19   5 31  6 45   22 28   6 42   .....  22 39    10  17 06.7 -17 25
Thu Nov 03/Fri Nov 04  7696.6    1 13 35   20 06  21 20   5 30  6 44   22 33   6 45   .....  23 28    16  17 56.5 -18 13
Fri Nov 04/Sat Nov 05  7697.6    1 17 31   20 06  21 21   5 30  6 44   22 38   6 48   .....   0 17    24  18 47.3 -18 12
Sat Nov 05/Sun Nov 06  7698.6    1 21 28   20 07  21 21   5 29  6 43   22 42   6 51   .....   1 04    32  19 38.8 -17 19
Sun Nov 06/Mon Nov 07  7699.6    1 25 24   20 08  21 22   5 28  6 43   22 47   6 54   .....   1 49    42  20 30.7 -15 32
Mon Nov 07/Tue Nov 08  7700.6    1 29 21   20 08  21 23   5 27  6 42   22 52   6 58   .....   2 33    53  21 23.1 -12 55
Tue Nov 08/Wed Nov 09  7701.6    1 33 17   20 09  21 24   5 27  6 42   22 57   7 01   .....   3 16    63  22 15.9 - 9 32
Wed Nov 09/Thu Nov 10  7702.6    1 37 14   20 10  21 25   5 26  6 41   23 02   7 04   .....   3 59    74  23 09.4 - 5 28
Thu Nov 10/Fri Nov 11  7703.6    1 41 10   20 10  21 26   5 25  6 41   23 07   7 07   .....   4 42    83   0 04.1 - 0 56
Fri Nov 11/Sat Nov 12  7704.6    1 45 07   20 11  21 27   5 25  6 40   23 11   7 11   .....   5 26    91   1 00.4   3 50
Sat Nov 12/Sun Nov 13  7705.6    1 49 04   20 12  21 28   5 24  6 40   23 16   7 14   18 02   6 13    97   1 58.8   8 31
Sun Nov 13/Mon Nov 14  7706.6    1 53 00   20 12  21 29   5 23  6 39   23 21   7 17   19 08  .....   100   2 59.3  12 45
Mon Nov 14/Tue Nov 15  7707.6    1 56 57   20 13  21 29   5 23  6 39   23 26   7 21   20 15  .....    99   4 01.8  16 08
Tue Nov 15/Wed Nov 16  7708.6    2 00 53   20 14  21 30   5 22  6 39   23 31   7 24   21 22  .....    96   5 05.4  18 22
Wed Nov 16/Thu Nov 17  7709.6    2 04 50   20 15  21 31   5 22  6 38   23 36   7 27   22 26  .....    90   6 08.7  19 19
Thu Nov 17/Fri Nov 18  7710.6    2 08 46   20 15  21 32   5 21  6 38   23 41   7 31   23 25  .....    82   7 10.3  18 57
Fri Nov 18/Sat Nov 19  7711.6    2 12 43   20 16  21 33   5 21  6 38   23 45   7 34    0 19  .....    72   8 09.1  17 27
Sat Nov 19/Sun Nov 20  7712.6    2 16 39   20 17  21 34   5 20  6 37   23 50   7 38    1 07  .....    62   9 04.5  15 02
Sun Nov 20/Mon Nov 21  7713.6    2 20 36   20 18  21 35   5 20  6 37   23 55   7 41    1 51  .....    52   9 56.6  11 57
Mon Nov 21/Tue Nov 22  7714.6    2 24 33   20 18  21 36   5 19  6 37    0 00   7 45    2 31  .....    42  10 45.9   8 27
Tue Nov 22/Wed Nov 23  7715.6    2 28 29   20 19  21 37   5 19  6 37    0 05   7 48    3 08  .....    32  11 33.0   4 41
Wed Nov 23/Thu Nov 24  7716.6    2 32 26   20 20  21 38   5 19  6 37    0 10   7 52    3 44  .....    24  12 18.6   0 50
Thu Nov 24/Fri Nov 25  7717.6    2 36 22   20 21  21 39   5 18  6 37    0 15   7 56    4 19  .....    16  13 03.6 - 2 58
Fri Nov 25/Sat Nov 26  7718.6    2 40 19   20 21  21 40   5 18  6 36    0 19   7 59    4 54  .....    10  13 48.4 - 6 36
Sat Nov 26/Sun Nov 27  7719.6    2 44 15   20 22  21 40   5 18  6 36    0 24   8 03    5 31  18 04     5  14 33.7 - 9 58
Sun Nov 27/Mon Nov 28  7720.6    2 48 12   20 23  21 41   5 18  6 36    0 29   8 07    6 10  18 54     2  15 19.8 -12 55
Mon Nov 28/Tue Nov 29  7721.6    2 52 08   20 23  21 42   5 17  6 36    0 34   8 10   .....  19 45     0  16 07.1 -15 20
Tue Nov 29/Wed Nov 30  7722.6    2 56 05   20 24  21 43   5 17  6 36    0 39   8 14   .....  20 35     1  16 55.6 -17 07
Wed Nov 30/Thu Dec 01  7723.6    3 00 02   20 25  21 44   5 17  6 36    0 44   8 18   .....  21 25     2  17 45.3 -18 09
