  Date (eve/morn)      JDmid    LMSTmidn   ---------- Sun: ---------   LST twilight:  ------------- Moon: --------------
  (2018 at start)    (-2450000)            set  twi.end twi.beg rise    eve    morn    rise   set  %illum   RA      Dec
Sat Dec 01/Sun Dec 02  8454.6    3 02 04   20 25  21 44   5 17  6 36    0 46   8 20    3 33  .....    27  12 35.3   2 01
Sun Dec 02/Mon Dec 03  8455.6    3 06 00   20 26  21 45   5 17  6 36    0 51   8 24    4 11  .....    18  13 25.1 - 2 52
Mon Dec 03/Tue Dec 04  8456.6    3 09 57   20 27  21 46   5 17  6 36    0 56   8 28    4 50  .....    11  14 14.6 - 7 31
Tue Dec 04/Wed Dec 05  8457.6    3 13 53   20 27  21 47   5 17  6 37    1 01   8 32    5 30  18 07     5  15 04.4 -11 44
Wed Dec 05/Thu Dec 06  8458.6    3 17 50   20 28  21 48   5 17  6 37    1 05   8 36    6 11  19 04     2  15 55.0 -15 20
Thu Dec 06/Fri Dec 07  8459.6    3 21 46   20 29  21 49   5 17  6 37    1 10   8 40   .....  20 00     0  16 46.3 -18 08
Fri Dec 07/Sat Dec 08  8460.6    3 25 43   20 30  21 49   5 17  6 37    1 15   8 44   .....  20 55     1  17 38.2 -20 01
Sat Dec 08/Sun Dec 09  8461.6    3 29 39   20 30  21 50   5 17  6 37    1 20   8 48   .....  21 48     3  18 30.3 -20 55
Sun Dec 09/Mon Dec 10  8462.6    3 33 36   20 31  21 51   5 17  6 37    1 24   8 52   .....  22 38     7  19 22.0 -20 48
Mon Dec 10/Tue Dec 11  8463.6    3 37 33   20 32  21 52   5 17  6 38    1 29   8 56   .....  23 24    13  20 12.7 -19 44
Tue Dec 11/Wed Dec 12  8464.6    3 41 29   20 32  21 53   5 18  6 38    1 34   9 00   .....   0 06    20  21 02.1 -17 47
Wed Dec 12/Thu Dec 13  8465.6    3 45 26   20 33  21 53   5 18  6 38    1 38   9 04   .....   0 46    28  21 50.1 -15 03
Thu Dec 13/Fri Dec 14  8466.6    3 49 22   20 33  21 54   5 18  6 39    1 43   9 08   .....   1 22    37  22 37.0 -11 41
Fri Dec 14/Sat Dec 15  8467.6    3 53 19   20 34  21 55   5 18  6 39    1 48   9 13   .....   1 58    46  23 23.0 - 7 47
Sat Dec 15/Sun Dec 16  8468.6    3 57 15   20 35  21 55   5 19  6 39    1 52   9 17   .....   2 32    56   0 08.9 - 3 29
Sun Dec 16/Mon Dec 17  8469.6    4 01 12   20 35  21 56   5 19  6 40    1 57   9 21   .....   3 07    65   0 55.5   1 05
Mon Dec 17/Tue Dec 18  8470.6    4 05 08   20 36  21 57   5 19  6 40    2 01   9 26   .....   3 43    75   1 43.5   5 46
Tue Dec 18/Wed Dec 19  8471.6    4 09 05   20 36  21 57   5 20  6 41    2 06   9 30   .....   4 22    84   2 34.0  10 23
Wed Dec 19/Thu Dec 20  8472.6    4 13 02   20 37  21 58   5 20  6 41    2 10   9 34   .....   5 05    91   3 27.6  14 39
Thu Dec 20/Fri Dec 21  8473.6    4 16 58   20 37  21 58   5 21  6 42    2 15   9 39   18 20   5 53    96   4 25.0  18 16
Fri Dec 21/Sat Dec 22  8474.6    4 20 55   20 38  21 59   5 21  6 42    2 19   9 43   19 24  .....    99   5 26.1  20 52
Sat Dec 22/Sun Dec 23  8475.6    4 24 51   20 38  21 59   5 22  6 43    2 24   9 48   20 28  .....   100   6 29.9  22 08
Sun Dec 23/Mon Dec 24  8476.6    4 28 48   20 39  22 00   5 22  6 43    2 28   9 52   21 31  .....    97   7 34.8  21 52
Mon Dec 24/Tue Dec 25  8477.6    4 32 44   20 39  22 00   5 23  6 44    2 32   9 57   22 30  .....    92   8 38.7  20 06
Tue Dec 25/Wed Dec 26  8478.6    4 36 41   20 40  22 00   5 24  6 44    2 37  10 01   23 23  .....    84   9 40.0  17 01
Wed Dec 26/Thu Dec 27  8479.6    4 40 37   20 40  22 01   5 24  6 45    2 41  10 06    0 11  .....    74  10 38.1  12 57
Thu Dec 27/Fri Dec 28  8480.6    4 44 34   20 41  22 01   5 25  6 45    2 45  10 10    0 54  .....    64  11 32.9   8 16
Fri Dec 28/Sat Dec 29  8481.6    4 48 31   20 41  22 01   5 25  6 46    2 50  10 15    1 35  .....    53  12 25.0   3 19
Sat Dec 29/Sun Dec 30  8482.6    4 52 27   20 41  22 02   5 26  6 47    2 54  10 20    2 13  .....    42  13 15.4 - 1 39
Sun Dec 30/Mon Dec 31  8483.6    4 56 24   20 42  22 02   5 27  6 47    2 58  10 24    2 51  .....    31  14 04.8 - 6 23
Mon Dec 31/Tue Jan 01  8484.6    5 00 20   20 42  22 02   5 28  6 48    3 02  10 29    3 30  .....    22  14 54.1 -10 42
