  Date (eve/morn)      JDmid    LMSTmidn   ---------- Sun: ---------   LST twilight:  ------------- Moon: --------------
  (2022 at start)    (-2450000)            set  twi.end twi.beg rise    eve    morn    rise   set  %illum   RA      Dec
Sun May 01/Mon May 02  9701.7   13 58 38   18 21  19 31   5 46  6 56    9 29  19 46   .....  19 00     2   3 35.3  19 51
Mon May 02/Tue May 03  9702.7   14 02 35   18 21  19 31   5 47  6 57    9 32  19 50   .....  19 39     5   4 24.6  23 17
Tue May 03/Wed May 04  9703.7   14 06 31   18 20  19 30   5 47  6 57    9 36  19 55   .....  20 22    10   5 15.5  25 41
Wed May 04/Thu May 05  9704.7   14 10 28   18 19  19 29   5 47  6 58    9 39  19 59   .....  21 09    16   6 07.7  26 57
Thu May 05/Fri May 06  9705.7   14 14 24   18 19  19 29   5 48  6 58    9 43  20 03   .....  22 00    23   7 00.4  27 01
Fri May 06/Sat May 07  9706.7   14 18 21   18 18  19 28   5 48  6 59    9 46  20 08   .....  22 53    32   7 52.8  25 53
Sat May 07/Sun May 08  9707.7   14 22 17   18 17  19 28   5 49  6 59    9 49  20 12   .....  23 47    41   8 44.2  23 34
Sun May 08/Mon May 09  9708.7   14 26 14   18 17  19 27   5 49  7 00    9 53  20 16   .....   0 43    51   9 34.3  20 11
Mon May 09/Tue May 10  9709.7   14 30 10   18 16  19 27   5 49  7 00    9 56  20 20   .....   1 38    61  10 23.2  15 51
Tue May 10/Wed May 11  9710.7   14 34 07   18 16  19 26   5 50  7 01   10 00  20 25   .....   2 34    70  11 11.3  10 43
Wed May 11/Thu May 12  9711.7   14 38 04   18 15  19 26   5 50  7 01   10 03  20 29   .....   3 30    80  11 59.4   4 57
Thu May 12/Fri May 13  9712.7   14 42 00   18 15  19 26   5 50  7 02   10 07  20 33   .....   4 28    88  12 48.3 - 1 15
Fri May 13/Sat May 14  9713.7   14 45 57   18 14  19 25   5 51  7 02   10 10  20 38   16 22   5 29    94  13 39.3 - 7 35
Sat May 14/Sun May 15  9714.7   14 49 53   18 14  19 25   5 51  7 02   10 14  20 42   17 00   6 34    99  14 33.4 -13 44
Sun May 15/Mon May 16  9715.7   14 53 50   18 13  19 24   5 52  7 03   10 18  20 46   17 42   7 42   100  15 31.7 -19 12
Mon May 16/Tue May 17  9716.7   14 57 46   18 13  19 24   5 52  7 03   10 21  20 51   18 30  .....    98  16 34.3 -23 29
Tue May 17/Wed May 18  9717.7   15 01 43   18 12  19 24   5 52  7 04   10 25  20 55   19 26  .....    94  17 40.4 -26 07
Wed May 18/Thu May 19  9718.7   15 05 39   18 12  19 23   5 53  7 04   10 28  20 59   20 28  .....    87  18 47.8 -26 49
Thu May 19/Fri May 20  9719.7   15 09 36   18 12  19 23   5 53  7 05   10 32  21 04   21 35  .....    78  19 53.7 -25 33
Fri May 20/Sat May 21  9720.7   15 13 33   18 11  19 23   5 54  7 05   10 36  21 08   22 43  .....    67  20 55.8 -22 35
Sat May 21/Sun May 22  9721.7   15 17 29   18 11  19 23   5 54  7 06   10 39  21 12   23 48  .....    56  21 53.1 -18 21
Sun May 22/Mon May 23  9722.7   15 21 26   18 11  19 22   5 54  7 06   10 43  21 17    0 50  .....    45  22 45.8 -13 15
Mon May 23/Tue May 24  9723.7   15 25 22   18 10  19 22   5 55  7 07   10 47  21 21    1 49  .....    34  23 34.9 - 7 40
Tue May 24/Wed May 25  9724.7   15 29 19   18 10  19 22   5 55  7 07   10 51  21 25    2 45  .....    25   0 21.5 - 1 54
Wed May 25/Thu May 26  9725.7   15 33 15   18 10  19 22   5 56  7 08   10 54  21 30    3 39  .....    17   1 06.7   3 50
Thu May 26/Fri May 27  9726.7   15 37 12   18 09  19 22   5 56  7 08   10 58  21 34    4 32  .....    10   1 51.6   9 18
Fri May 27/Sat May 28  9727.7   15 41 08   18 09  19 22   5 56  7 09   11 02  21 38    5 26  16 25     5   2 37.1  14 20
Sat May 28/Sun May 29  9728.7   15 45 05   18 09  19 21   5 57  7 09   11 06  21 43    6 21  17 00     2   3 23.8  18 45
Sun May 29/Mon May 30  9729.7   15 49 02   18 09  19 21   5 57  7 10   11 10  21 47    7 15  17 37     0   4 12.3  22 22
Mon May 30/Tue May 31  9730.7   15 52 58   18 09  19 21   5 57  7 10   11 13  21 51   .....  18 19     0   5 02.6  25 02
Tue May 31/Wed Jun 01  9731.7   15 56 55   18 09  19 21   5 58  7 10   11 17  21 56   .....  19 05     3   5 54.2  26 35
