  Date (eve/morn)      JDmid    LMSTmidn   ---------- Sun: ---------   LST twilight:  ------------- Moon: --------------
  (2021 at start)    (-2450000)            set  twi.end twi.beg rise    eve    morn    rise   set  %illum   RA      Dec
Fri Jan 01/Sat Jan 02  9216.6    5 06 19   20 42  22 03   5 29  6 49    3 08  10 36   22 48  .....    90   9 29.2  20 17
Sat Jan 02/Sun Jan 03  9217.6    5 10 15   20 43  22 03   5 30  6 50    3 13  10 41   23 31  .....    83  10 23.1  16 11
Sun Jan 03/Mon Jan 04  9218.6    5 14 12   20 43  22 03   5 30  6 50    3 17  10 45    0 11  .....    74  11 15.2  11 15
Mon Jan 04/Tue Jan 05  9219.6    5 18 08   20 43  22 03   5 31  6 51    3 21  10 50    0 49  .....    64  12 06.0   5 45
Tue Jan 05/Wed Jan 06  9220.6    5 22 05   20 43  22 03   5 32  6 52    3 25  10 55    1 26  .....    53  12 56.5 - 0 03
Wed Jan 06/Thu Jan 07  9221.6    5 26 02   20 43  22 03   5 33  6 53    3 29  11 00    2 03  .....    41  13 47.5 - 5 51
Thu Jan 07/Fri Jan 08  9222.6    5 29 58   20 43  22 03   5 34  6 53    3 33  11 05    2 43  .....    30  14 40.0 -11 23
Fri Jan 08/Sat Jan 09  9223.6    5 33 55   20 44  22 03   5 35  6 54    3 36  11 09    3 27  .....    20  15 35.0 -16 18
Sat Jan 09/Sun Jan 10  9224.6    5 37 51   20 44  22 03   5 36  6 55    3 40  11 14    4 15  .....    12  16 32.7 -20 15
Sun Jan 10/Mon Jan 11  9225.6    5 41 48   20 44  22 03   5 36  6 55    3 44  11 19    5 09  18 30     6  17 32.9 -22 56
Mon Jan 11/Tue Jan 12  9226.6    5 45 44   20 44  22 03   5 37  6 56    3 48  11 24    6 08  19 35     2  18 34.4 -24 06
Tue Jan 12/Wed Jan 13  9227.6    5 49 41   20 44  22 02   5 38  6 57    3 52  11 29   .....  20 35     0  19 35.6 -23 42
Wed Jan 13/Thu Jan 14  9228.6    5 53 37   20 44  22 02   5 39  6 58    3 56  11 34   .....  21 29     1  20 34.6 -21 49
Thu Jan 14/Fri Jan 15  9229.6    5 57 34   20 44  22 02   5 40  6 59    3 59  11 39   .....  22 17     4  21 30.2 -18 43
Fri Jan 15/Sat Jan 16  9230.6    6 01 31   20 44  22 02   5 41  6 59    4 03  11 44   .....  22 58    10  22 22.3 -14 43
Sat Jan 16/Sun Jan 17  9231.6    6 05 27   20 43  22 02   5 42  7 00    4 07  11 48   .....  23 35    16  23 11.0 -10 06
Sun Jan 17/Mon Jan 18  9232.6    6 09 24   20 43  22 01   5 43  7 01    4 10  11 53   .....   0 08    24  23 57.1 - 5 09
Mon Jan 18/Tue Jan 19  9233.6    6 13 20   20 43  22 01   5 44  7 02    4 14  11 58   .....   0 40    33   0 41.5 - 0 04
Tue Jan 19/Wed Jan 20  9234.6    6 17 17   20 43  22 01   5 45  7 02    4 17  12 03   .....   1 11    42   1 25.1   4 58
Wed Jan 20/Thu Jan 21  9235.6    6 21 13   20 43  22 00   5 46  7 03    4 21  12 08   .....   1 43    52   2 09.0   9 49
Thu Jan 21/Fri Jan 22  9236.6    6 25 10   20 43  22 00   5 47  7 04    4 25  12 13   .....   2 16    61   2 54.1  14 20
Fri Jan 22/Sat Jan 23  9237.6    6 29 06   20 42  21 59   5 48  7 05    4 28  12 18   .....   2 52    70   3 41.1  18 20
Sat Jan 23/Sun Jan 24  9238.6    6 33 03   20 42  21 59   5 49  7 05    4 32  12 23   .....   3 32    79   4 30.7  21 40
Sun Jan 24/Mon Jan 25  9239.6    6 37 00   20 42  21 58   5 50  7 06    4 35  12 28   .....   4 17    86   5 23.2  24 06
Mon Jan 25/Tue Jan 26  9240.6    6 40 56   20 41  21 58   5 51  7 07    4 38  12 33   18 06   5 08    92   6 18.4  25 25
Tue Jan 26/Wed Jan 27  9241.6    6 44 53   20 41  21 57   5 52  7 08    4 42  12 37   19 01   6 03    97   7 15.5  25 28
Wed Jan 27/Thu Jan 28  9242.6    6 48 49   20 41  21 57   5 53  7 08    4 45  12 42   19 53  .....    99   8 13.5  24 07
Thu Jan 28/Fri Jan 29  9243.6    6 52 46   20 40  21 56   5 54  7 09    4 49  12 47   20 43  .....   100   9 10.8  21 24
Fri Jan 29/Sat Jan 30  9244.6    6 56 42   20 40  21 55   5 54  7 10    4 52  12 52   21 28  .....    98  10 06.8  17 29
Sat Jan 30/Sun Jan 31  9245.6    7 00 39   20 40  21 55   5 55  7 11    4 55  12 57   22 10  .....    93  11 00.8  12 36
Sun Jan 31/Mon Feb 01  9246.6    7 04 35   20 39  21 54   5 56  7 11    4 58  13 02   22 49  .....    86  11 53.3   7 03
