  Date (eve/morn)      JDmid    LMSTmidn   ---------- Sun: ---------   LST twilight:  ------------- Moon: --------------
  (2020 at start)    (-2450000)            set  twi.end twi.beg rise    eve    morn    rise   set  %illum   RA      Dec
Sun Mar 01/Mon Mar 02  8910.6    8 59 53   20 18  21 28   6 20  7 30    6 27  15 21   .....   0 44    42   4 06.4  18 44
Mon Mar 02/Tue Mar 03  8911.6    9 03 49   20 17  21 27   6 20  7 30    6 30  15 25   .....   1 27    52   4 58.5  21 35
Tue Mar 03/Wed Mar 04  8912.6    9 07 46   20 16  21 26   6 21  7 31    6 33  15 30   .....   2 17    63   5 53.9  23 27
Wed Mar 04/Thu Mar 05  8913.6    9 11 42   20 15  21 25   6 22  7 31    6 36  15 34   .....   3 12    73   6 52.3  24 06
Thu Mar 05/Fri Mar 06  8914.6    9 15 39   20 14  21 24   6 22  7 32    6 39  15 39   17 00   4 12    82   7 53.0  23 21
Fri Mar 06/Sat Mar 07  8915.6    9 19 36   20 13  21 23   6 23  7 32    6 42  15 43   17 55   5 17    90   8 54.5  21 06
Sat Mar 07/Sun Mar 08* 8916.6    9 23 32   20 12  21 22   5 23  6 33    6 45  15 48   18 46   5 24    96   9 55.6  17 25
Sun Mar 08/Mon Mar 09  8917.7   10 27 39   19 11  20 21   5 24  6 33    6 48  15 52   18 34   6 31    99  10 56.9  12 20
Mon Mar 09/Tue Mar 10  8918.7   10 31 35   19 10  20 19   5 25  6 34    6 50  15 57   19 19  .....    99  11 55.1   6 36
Tue Mar 10/Wed Mar 11  8919.7   10 35 32   19 09  20 18   5 25  6 34    6 53  16 01   20 01  .....    97  12 52.0   0 29
Wed Mar 11/Thu Mar 12  8920.7   10 39 28   19 08  20 17   5 26  6 35    6 56  16 06   20 43  .....    91  13 48.2 - 5 33
Thu Mar 12/Fri Mar 13  8921.7   10 43 25   19 07  20 16   5 26  6 35    6 59  16 10   21 25  .....    83  14 44.2 -11 06
Fri Mar 13/Sat Mar 14  8922.7   10 47 21   19 06  20 15   5 27  6 36    7 02  16 15   22 09  .....    73  15 40.6 -15 49
Sat Mar 14/Sun Mar 15  8923.7   10 51 18   19 05  20 14   5 27  6 36    7 05  16 19   22 55  .....    62  16 37.4 -19 27
Sun Mar 15/Mon Mar 16  8924.7   10 55 14   19 04  20 13   5 28  6 37    7 08  16 24   23 44  .....    52  17 34.3 -21 50
Mon Mar 16/Tue Mar 17  8925.7   10 59 11   19 03  20 12   5 28  6 37    7 10  16 28    0 36  .....    41  18 30.7 -22 57
Tue Mar 17/Wed Mar 18  8926.7   11 03 08   19 02  20 11   5 29  6 37    7 13  16 33    1 30  .....    32  19 25.9 -22 47
Wed Mar 18/Thu Mar 19  8927.7   11 07 04   19 01  20 10   5 29  6 38    7 16  16 37    2 25  .....    23  20 19.2 -21 29
Thu Mar 19/Fri Mar 20  8928.7   11 11 01   19 00  20 09   5 30  6 38    7 19  16 42    3 19  .....    15  21 10.1 -19 10
Fri Mar 20/Sat Mar 21  8929.7   11 14 57   18 59  20 08   5 30  6 39    7 22  16 46    4 13  17 11     9  21 58.6 -16 03
Sat Mar 21/Sun Mar 22  8930.7   11 18 54   18 58  20 07   5 31  6 39    7 25  16 50    5 05  17 48     4  22 44.9 -12 17
Sun Mar 22/Mon Mar 23  8931.7   11 22 50   18 57  20 05   5 31  6 40    7 28  16 55    5 56  18 22     1  23 29.4 - 8 04
Mon Mar 23/Tue Mar 24  8932.7   11 26 47   18 56  20 04   5 31  6 40    7 31  16 59    6 46  18 54     0   0 12.8 - 3 33
Tue Mar 24/Wed Mar 25  8933.7   11 30 43   18 55  20 03   5 32  6 40    7 33  17 04   .....  19 26     1   0 55.7   1 06
Wed Mar 25/Thu Mar 26  8934.7   11 34 40   18 54  20 02   5 32  6 41    7 36  17 08   .....  19 57     3   1 38.7   5 45
Thu Mar 26/Fri Mar 27  8935.7   11 38 37   18 53  20 01   5 33  6 41    7 39  17 12   .....  20 30     7   2 22.5  10 14
Fri Mar 27/Sat Mar 28  8936.7   11 42 33   18 52  20 00   5 33  6 42    7 42  17 17   .....  21 04    12   3 07.9  14 24
Sat Mar 28/Sun Mar 29  8937.7   11 46 30   18 51  19 59   5 34  6 42    7 45  17 21   .....  21 42    19   3 55.5  18 03
Sun Mar 29/Mon Mar 30  8938.7   11 50 26   18 50  19 58   5 34  6 42    7 48  17 25   .....  22 23    27   4 45.6  21 02
Mon Mar 30/Tue Mar 31  8939.7   11 54 23   18 49  19 57   5 34  6 43    7 51  17 30   .....  23 09    36   5 38.7  23 07
Tue Mar 31/Wed Apr 01  8940.7   11 58 19   18 48  19 56   5 35  6 43    7 54  17 34   .....   0 01    46   6 34.4  24 05
