  Date (eve/morn)      JDmid    LMSTmidn   ---------- Sun: ---------   LST twilight:  ------------- Moon: --------------
  (2017 at start)    (-2450000)            set  twi.end twi.beg rise    eve    morn    rise   set  %illum   RA      Dec
Fri Dec 01/Sat Dec 02  8089.6    3 03 01   20 25  21 45   5 17  6 36    0 47   8 21   18 08   6 02    96   3 10.1  13 06
Sat Dec 02/Sun Dec 03  8090.6    3 06 57   20 26  21 46   5 17  6 36    0 52   8 25   19 14  .....    99   4 11.1  16 46
Sun Dec 03/Mon Dec 04  8091.6    3 10 54   20 27  21 46   5 17  6 36    0 57   8 29   20 21  .....   100   5 14.9  19 20
Mon Dec 04/Tue Dec 05  8092.6    3 14 51   20 28  21 47   5 17  6 37    1 02   8 33   21 27  .....    96   6 20.1  20 32
Tue Dec 05/Wed Dec 06  8093.6    3 18 47   20 28  21 48   5 17  6 37    1 06   8 37   22 30  .....    91   7 24.9  20 16
Wed Dec 06/Thu Dec 07  8094.6    3 22 44   20 29  21 49   5 17  6 37    1 11   8 41   23 28  .....    83   8 27.5  18 38
Thu Dec 07/Fri Dec 08  8095.6    3 26 40   20 30  21 50   5 17  6 37    1 16   8 45    0 19  .....    73   9 26.7  15 52
Fri Dec 08/Sat Dec 09  8096.6    3 30 37   20 30  21 50   5 17  6 37    1 21   8 49    1 06  .....    62  10 22.3  12 18
Sat Dec 09/Sun Dec 10  8097.6    3 34 33   20 31  21 51   5 17  6 38    1 25   8 53    1 48  .....    52  11 14.6   8 14
Sun Dec 10/Mon Dec 11  8098.6    3 38 30   20 32  21 52   5 18  6 38    1 30   8 57    2 27  .....    41  12 04.2   3 56
Mon Dec 11/Tue Dec 12  8099.6    3 42 26   20 32  21 53   5 18  6 38    1 35   9 01    3 04  .....    31  12 52.1 - 0 24
Tue Dec 12/Wed Dec 13  8100.6    3 46 23   20 33  21 53   5 18  6 38    1 39   9 05    3 40  .....    23  13 38.8 - 4 36
Wed Dec 13/Thu Dec 14  8101.6    3 50 20   20 34  21 54   5 18  6 39    1 44   9 09    4 17  .....    15  14 25.3 - 8 31
Thu Dec 14/Fri Dec 15  8102.6    3 54 16   20 34  21 55   5 19  6 39    1 49   9 14    4 54  17 34     9  15 12.0 -12 00
Fri Dec 15/Sat Dec 16  8103.6    3 58 13   20 35  21 55   5 19  6 39    1 53   9 18    5 34  18 26     4  15 59.4 -14 57
Sat Dec 16/Sun Dec 17  8104.6    4 02 09   20 35  21 56   5 19  6 40    1 58   9 22    6 16  19 18     1  16 47.6 -17 14
Sun Dec 17/Mon Dec 18  8105.6    4 06 06   20 36  21 57   5 20  6 40    2 02   9 27   .....  20 09     0  17 36.7 -18 45
Mon Dec 18/Tue Dec 19  8106.6    4 10 02   20 36  21 57   5 20  6 41    2 07   9 31   .....  20 58     1  18 26.2 -19 27
Tue Dec 19/Wed Dec 20  8107.6    4 13 59   20 37  21 58   5 20  6 41    2 11   9 35   .....  21 46     3  19 16.0 -19 17
Wed Dec 20/Thu Dec 21  8108.6    4 17 55   20 38  21 58   5 21  6 42    2 16   9 40   .....  22 31     7  20 05.7 -18 15
Thu Dec 21/Fri Dec 22  8109.6    4 21 52   20 38  21 59   5 21  6 42    2 20   9 44   .....  23 14    12  20 54.8 -16 24
Fri Dec 22/Sat Dec 23  8110.6    4 25 49   20 39  21 59   5 22  6 43    2 25   9 49   .....  23 55    19  21 43.4 -13 48
Sat Dec 23/Sun Dec 24  8111.6    4 29 45   20 39  22 00   5 23  6 43    2 29   9 53   .....   0 33    27  22 31.4 -10 32
Sun Dec 24/Mon Dec 25  8112.6    4 33 42   20 39  22 00   5 23  6 44    2 34   9 58   .....   1 11    37  23 19.4 - 6 43
Mon Dec 25/Tue Dec 26  8113.6    4 37 38   20 40  22 01   5 24  6 44    2 38  10 02   .....   1 48    47   0 07.8 - 2 29
Tue Dec 26/Wed Dec 27  8114.6    4 41 35   20 40  22 01   5 24  6 45    2 42  10 07   .....   2 26    57   0 57.3   2 02
Wed Dec 27/Thu Dec 28  8115.6    4 45 31   20 41  22 01   5 25  6 46    2 46  10 11   .....   3 06    68   1 48.8   6 38
Thu Dec 28/Fri Dec 29  8116.6    4 49 28   20 41  22 02   5 26  6 46    2 51  10 16   .....   3 50    78   2 43.2  11 05
Fri Dec 29/Sat Dec 30  8117.6    4 53 24   20 41  22 02   5 26  6 47    2 55  10 21   .....   4 38    87   3 40.9  15 04
Sat Dec 30/Sun Dec 31  8118.6    4 57 21   20 42  22 02   5 27  6 47    2 59  10 25   17 56   5 31    94   4 42.4  18 14
Sun Dec 31/Mon Jan 01  8119.6    5 01 18   20 42  22 02   5 28  6 48    3 03  10 30   19 02   6 30    98   5 46.9  20 12
