  Date (eve/morn)      JDmid    LMSTmidn   ---------- Sun: ---------   LST twilight:  ------------- Moon: --------------
  (2017 at start)    (-2450000)            set  twi.end twi.beg rise    eve    morn    rise   set  %illum   RA      Dec
Wed Nov 01/Thu Nov 02  8059.6    1 04 44   20 04  21 18   5 32  6 46   22 22   6 38   17 24   5 59    94   0 48.8   1 28
Thu Nov 02/Fri Nov 03  8060.6    1 08 41   20 05  21 19   5 31  6 45   22 27   6 41   18 24   6 42    98   1 43.3   6 16
Fri Nov 03/Sat Nov 04  8061.6    1 12 37   20 05  21 20   5 31  6 45   22 32   6 44   19 27  .....   100   2 40.1  10 51
Sat Nov 04/Sun Nov 05  8062.6    1 16 34   20 06  21 20   5 30  6 44   22 36   6 47   20 31  .....    99   3 39.3  14 51
Sun Nov 05/Mon Nov 06  8063.6    1 20 30   20 07  21 21   5 29  6 43   22 41   6 50   21 37  .....    94   4 40.7  17 55
Mon Nov 06/Tue Nov 07  8064.6    1 24 27   20 07  21 22   5 28  6 43   22 46   6 54   22 42  .....    88   5 43.4  19 47
Tue Nov 07/Wed Nov 08  8065.6    1 28 24   20 08  21 23   5 27  6 42   22 51   6 57   23 44  .....    79   6 46.1  20 17
Wed Nov 08/Thu Nov 09  8066.6    1 32 20   20 09  21 24   5 27  6 42   22 56   7 00    0 42  .....    68   7 47.4  19 29
Thu Nov 09/Fri Nov 10  8067.6    1 36 17   20 10  21 25   5 26  6 41   23 01   7 03    1 35  .....    58   8 46.2  17 29
Fri Nov 10/Sat Nov 11  8068.6    1 40 13   20 10  21 26   5 25  6 41   23 05   7 06    2 23  .....    47   9 42.0  14 34
Sat Nov 11/Sun Nov 12  8069.6    1 44 10   20 11  21 26   5 25  6 40   23 10   7 10    3 06  .....    36  10 34.9  10 58
Sun Nov 12/Mon Nov 13  8070.6    1 48 06   20 12  21 27   5 24  6 40   23 15   7 13    3 47  .....    26  11 25.3   6 56
Mon Nov 13/Tue Nov 14  8071.6    1 52 03   20 12  21 28   5 23  6 39   23 20   7 16    4 25  .....    18  12 13.8   2 41
Tue Nov 14/Wed Nov 15  8072.6    1 55 59   20 13  21 29   5 23  6 39   23 25   7 20    5 01  .....    11  13 01.2 - 1 35
Wed Nov 15/Thu Nov 16  8073.6    1 59 56   20 14  21 30   5 22  6 39   23 30   7 23    5 38  17 53     6  13 48.0 - 5 42
Thu Nov 16/Fri Nov 17  8074.6    2 03 53   20 14  21 31   5 22  6 38   23 35   7 27    6 16  18 46     2  14 34.9 - 9 31
Fri Nov 17/Sat Nov 18  8075.6    2 07 49   20 15  21 32   5 21  6 38   23 39   7 30   .....  19 39     0  15 22.2 -12 53
Sat Nov 18/Sun Nov 19  8076.6    2 11 46   20 16  21 33   5 21  6 38   23 44   7 33   .....  20 31     1  16 10.2 -15 40
Sun Nov 19/Mon Nov 20  8077.6    2 15 42   20 17  21 34   5 20  6 38   23 49   7 37   .....  21 22     2  16 59.0 -17 45
Mon Nov 20/Tue Nov 21  8078.6    2 19 39   20 17  21 35   5 20  6 37   23 54   7 40   .....  22 13     6  17 48.4 -19 02
Tue Nov 21/Wed Nov 22  8079.6    2 23 35   20 18  21 36   5 20  6 37   23 59   7 44   .....  23 02    11  18 38.3 -19 29
Wed Nov 22/Thu Nov 23  8080.6    2 27 32   20 19  21 37   5 19  6 37    0 04   7 48   .....  23 48    18  19 28.2 -19 04
Thu Nov 23/Fri Nov 24  8081.6    2 31 28   20 20  21 38   5 19  6 37    0 09   7 51   .....   0 33    25  20 17.9 -17 47
Fri Nov 24/Sat Nov 25  8082.6    2 35 25   20 20  21 38   5 18  6 37    0 13   7 55   .....   1 15    34  21 07.3 -15 42
Sat Nov 25/Sun Nov 26  8083.6    2 39 22   20 21  21 39   5 18  6 36    0 18   7 58   .....   1 55    44  21 56.4 -12 51
Sun Nov 26/Mon Nov 27  8084.6    2 43 18   20 22  21 40   5 18  6 36    0 23   8 02   .....   2 34    54  22 45.4 - 9 19
Mon Nov 27/Tue Nov 28  8085.6    2 47 15   20 23  21 41   5 18  6 36    0 28   8 06   .....   3 12    64  23 34.9 - 5 15
Tue Nov 28/Wed Nov 29  8086.6    2 51 11   20 23  21 42   5 17  6 36    0 33   8 10   .....   3 51    74   0 25.4 - 0 44
Wed Nov 29/Thu Nov 30  8087.6    2 55 08   20 24  21 43   5 17  6 36    0 38   8 13   .....   4 32    83   1 17.6   4 00
Thu Nov 30/Fri Dec 01  8088.6    2 59 04   20 25  21 44   5 17  6 36    0 43   8 17   .....   5 15    91   2 12.3   8 43
