  Date (eve/morn)      JDmid    LMSTmidn   ---------- Sun: ---------   LST twilight:  ------------- Moon: --------------
  (2014 at start)    (-2450000)            set  twi.end twi.beg rise    eve    morn    rise   set  %illum   RA      Dec
Sun Jun 01/Mon Jun 02  6810.7   16 00 36   18 08  19 21   5 58  7 11   11 21  22 00   .....  21 43    17   8 05.8  15 09
Mon Jun 02/Tue Jun 03  6811.7   16 04 33   18 08  19 21   5 58  7 11   11 25  22 04   .....  22 33    25   8 53.0  12 28
Tue Jun 03/Wed Jun 04  6812.7   16 08 29   18 08  19 21   5 59  7 12   11 29  22 08   .....  23 23    33   9 39.2   9 17
Wed Jun 04/Thu Jun 05  6813.7   16 12 26   18 08  19 21   5 59  7 12   11 33  22 13   .....   0 13    43  10 24.9   5 43
Thu Jun 05/Fri Jun 06  6814.7   16 16 23   18 08  19 21   5 59  7 12   11 37  22 17   .....   1 04    52  11 10.6   1 52
Fri Jun 06/Sat Jun 07  6815.7   16 20 19   18 08  19 21   6 00  7 13   11 41  22 21   .....   1 55    62  11 57.0 - 2 07
Sat Jun 07/Sun Jun 08  6816.7   16 24 16   18 08  19 21   6 00  7 13   11 45  22 25   .....   2 48    71  12 45.1 - 6 08
Sun Jun 08/Mon Jun 09  6817.7   16 28 12   18 08  19 21   6 00  7 14   11 49  22 30   .....   3 44    80  13 35.3 - 9 58
Mon Jun 09/Tue Jun 10  6818.7   16 32 09   18 08  19 21   6 01  7 14   11 53  22 34   .....   4 42    88  14 28.5 -13 26
Tue Jun 10/Wed Jun 11  6819.7   16 36 05   18 08  19 21   6 01  7 14   11 57  22 38   .....   5 42    94  15 25.1 -16 16
Wed Jun 11/Thu Jun 12  6820.7   16 40 02   18 08  19 21   6 01  7 15   12 01  22 42   16 47   6 43    98  16 24.7 -18 11
Thu Jun 12/Fri Jun 13  6821.7   16 43 58   18 08  19 21   6 02  7 15   12 05  22 47   17 44   7 44   100  17 26.9 -18 56
Fri Jun 13/Sat Jun 14  6822.7   16 47 55   18 08  19 22   6 02  7 15   12 09  22 51   18 45  .....    98  18 30.0 -18 22
Sat Jun 14/Sun Jun 15  6823.7   16 51 52   18 08  19 22   6 02  7 16   12 13  22 55   19 49  .....    94  19 32.7 -16 30
Sun Jun 15/Mon Jun 16  6824.7   16 55 48   18 09  19 22   6 03  7 16   12 17  22 59   20 54  .....    87  20 33.6 -13 31
Mon Jun 16/Tue Jun 17  6825.7   16 59 45   18 09  19 22   6 03  7 16   12 21  23 04   21 58  .....    78  21 32.0 - 9 41
Tue Jun 17/Wed Jun 18  6826.7   17 03 41   18 09  19 22   6 03  7 16   12 25  23 08   23 01  .....    67  22 27.9 - 5 20
Wed Jun 18/Thu Jun 19  6827.7   17 07 38   18 09  19 22   6 03  7 17   12 29  23 12    0 02  .....    56  23 21.7 - 0 48
Thu Jun 19/Fri Jun 20  6828.7   17 11 34   18 09  19 23   6 04  7 17   12 33  23 16    1 01  .....    45   0 14.1   3 41
Fri Jun 20/Sat Jun 21  6829.7   17 15 31   18 09  19 23   6 04  7 17   12 38  23 20    1 59  .....    34   1 05.6   7 52
Sat Jun 21/Sun Jun 22  6830.7   17 19 27   18 10  19 23   6 04  7 17   12 42  23 24    2 55  .....    25   1 56.9  11 35
Sun Jun 22/Mon Jun 23  6831.7   17 23 24   18 10  19 23   6 04  7 18   12 46  23 29    3 51  .....    16   2 48.3  14 40
Mon Jun 23/Tue Jun 24  6832.7   17 27 21   18 10  19 24   6 04  7 18   12 50  23 33    4 46  .....    10   3 39.9  17 00
Tue Jun 24/Wed Jun 25  6833.7   17 31 17   18 10  19 24   6 05  7 18   12 54  23 37    5 39  16 17     5   4 31.7  18 30
Wed Jun 25/Thu Jun 26  6834.7   17 35 14   18 11  19 24   6 05  7 18   12 58  23 41    6 30  17 05     1   5 23.3  19 06
Thu Jun 26/Fri Jun 27  6835.7   17 39 10   18 11  19 24   6 05  7 18   13 03  23 45    7 18  17 55     0   6 14.3  18 50
Fri Jun 27/Sat Jun 28  6836.7   17 43 07   18 11  19 25   6 05  7 18   13 07  23 49    8 03  18 45     1   7 04.3  17 44
Sat Jun 28/Sun Jun 29  6837.7   17 47 03   18 12  19 25   6 05  7 18   13 11  23 53   .....  19 36     3   7 53.0  15 53
Sun Jun 29/Mon Jun 30  6838.7   17 51 00   18 12  19 25   6 05  7 18   13 15  23 57   .....  20 27     7   8 40.5  13 23
Mon Jun 30/Tue Jul 01  6839.7   17 54 56   18 12  19 25   6 05  7 19   13 20   0 01   .....  21 17    13   9 26.7  10 22
