  Date (eve/morn)      JDmid    LMSTmidn   ---------- Sun: ---------   LST twilight:  ------------- Moon: --------------
  (2013 at start)    (-2450000)            set  twi.end twi.beg rise    eve    morn    rise   set  %illum   RA      Dec
Tue Jan 01/Wed Jan 02  6294.6    5 06 04   20 42  22 03   5 29  6 49    3 08  10 36   23 15  .....    79  10 23.2   5 22
Wed Jan 02/Thu Jan 03  6295.6    5 10 01   20 43  22 03   5 30  6 50    3 12  10 40   23 52  .....    71  11 11.4   0 50
Thu Jan 03/Fri Jan 04  6296.6    5 13 57   20 43  22 03   5 30  6 50    3 16  10 45    0 29  .....    61  12 00.5 - 3 48
Fri Jan 04/Sat Jan 05  6297.6    5 17 54   20 43  22 03   5 31  6 51    3 20  10 50    1 09  .....    50  12 51.2 - 8 19
Sat Jan 05/Sun Jan 06  6298.6    5 21 50   20 43  22 03   5 32  6 52    3 24  10 55    1 52  .....    39  13 44.3 -12 28
Sun Jan 06/Mon Jan 07  6299.6    5 25 47   20 43  22 03   5 33  6 52    3 28  11 00    2 39  .....    28  14 40.3 -15 59
Mon Jan 07/Tue Jan 08  6300.6    5 29 43   20 43  22 03   5 34  6 53    3 32  11 04    3 32  .....    19  15 39.4 -18 35
Tue Jan 08/Wed Jan 09  6301.6    5 33 40   20 44  22 03   5 35  6 54    3 36  11 09    4 31  17 37    10  16 41.1 -19 59
Wed Jan 09/Thu Jan 10  6302.6    5 37 36   20 44  22 03   5 35  6 55    3 40  11 14    5 34  18 40     4  17 44.1 -20 00
Thu Jan 10/Fri Jan 11  6303.6    5 41 33   20 44  22 03   5 36  6 55    3 44  11 19   .....  19 40     1  18 46.8 -18 34
Fri Jan 11/Sat Jan 12  6304.6    5 45 30   20 44  22 03   5 37  6 56    3 48  11 24   .....  20 35     0  19 47.7 -15 52
Sat Jan 12/Sun Jan 13  6305.6    5 49 26   20 44  22 02   5 38  6 57    3 52  11 29   .....  21 24     3  20 45.7 -12 10
Sun Jan 13/Mon Jan 14  6306.6    5 53 23   20 44  22 02   5 39  6 58    3 55  11 33   .....  22 09     7  21 40.8 - 7 48
Mon Jan 14/Tue Jan 15  6307.6    5 57 19   20 44  22 02   5 40  6 58    3 59  11 38   .....  22 50    14  22 33.0 - 3 06
Tue Jan 15/Wed Jan 16  6308.6    6 01 16   20 44  22 02   5 41  6 59    4 03  11 43   .....  23 29    22  23 23.2   1 38
Wed Jan 16/Thu Jan 17  6309.6    6 05 12   20 43  22 02   5 42  7 00    4 06  11 48   .....   0 07    31   0 12.0   6 11
Thu Jan 17/Fri Jan 18  6310.6    6 09 09   20 43  22 01   5 43  7 01    4 10  11 53   .....   0 44    41   1 00.2  10 22
Fri Jan 18/Sat Jan 19  6311.6    6 13 05   20 43  22 01   5 44  7 02    4 14  11 58   .....   1 22    51   1 48.3  14 02
Sat Jan 19/Sun Jan 20  6312.6    6 17 02   20 43  22 01   5 45  7 02    4 17  12 03   .....   2 02    60   2 37.0  17 05
Sun Jan 20/Mon Jan 21  6313.6    6 20 59   20 43  22 00   5 46  7 03    4 21  12 08   .....   2 44    69   3 26.5  19 23
Mon Jan 21/Tue Jan 22  6314.6    6 24 55   20 43  22 00   5 47  7 04    4 24  12 13   .....   3 29    78   4 16.8  20 52
Tue Jan 22/Wed Jan 23  6315.6    6 28 52   20 42  21 59   5 48  7 05    4 28  12 18   .....   4 16    85   5 08.0  21 27
Wed Jan 23/Thu Jan 24  6316.6    6 32 48   20 42  21 59   5 49  7 05    4 31  12 22   17 47   5 06    91   5 59.5  21 05
Thu Jan 24/Fri Jan 25  6317.6    6 36 45   20 42  21 58   5 50  7 06    4 35  12 27   18 33   5 57    96   6 51.0  19 46
Fri Jan 25/Sat Jan 26  6318.6    6 40 41   20 42  21 58   5 51  7 07    4 38  12 32   19 17  .....    99   7 42.0  17 33
Sat Jan 26/Sun Jan 27  6319.6    6 44 38   20 41  21 57   5 52  7 08    4 42  12 37   19 59  .....   100   8 32.4  14 32
Sun Jan 27/Mon Jan 28  6320.6    6 48 34   20 41  21 57   5 53  7 08    4 45  12 42   20 38  .....    99   9 22.0  10 50
Mon Jan 28/Tue Jan 29  6321.6    6 52 31   20 40  21 56   5 54  7 09    4 48  12 47   21 16  .....    96  10 11.1   6 37
Tue Jan 29/Wed Jan 30  6322.6    6 56 28   20 40  21 56   5 54  7 10    4 52  12 52   21 54  .....    91  11 00.1   2 05
Wed Jan 30/Thu Jan 31  6323.6    7 00 24   20 40  21 55   5 55  7 11    4 55  12 57   22 31  .....    84  11 49.5 - 2 34
Thu Jan 31/Fri Feb 01  6324.6    7 04 21   20 39  21 54   5 56  7 11    4 58  13 02   23 10  .....    75  12 40.0 - 7 08
