  Date (eve/morn)      JDmid    LMSTmidn   ---------- Sun: ---------   LST twilight:  ------------- Moon: --------------
  (2012 at start)    (-2450000)            set  twi.end twi.beg rise    eve    morn    rise   set  %illum   RA      Dec
Sun Apr 01/Mon Apr 02  6019.7   12 02 01   18 47  19 55   5 35  6 44    7 57  17 38   .....   2 34    73   8 44.5  13 39
Mon Apr 02/Tue Apr 03  6020.7   12 05 58   18 46  19 54   5 36  6 44    8 00  17 43   .....   3 33    82   9 37.3   9 14
Tue Apr 03/Wed Apr 04  6021.7   12 09 54   18 45  19 53   5 36  6 44    8 03  17 47   .....   4 33    90  10 30.8   4 10
Wed Apr 04/Thu Apr 05  6022.7   12 13 51   18 44  19 52   5 36  6 45    8 06  17 51   16 51   5 36    96  11 25.3 - 1 17
Thu Apr 05/Fri Apr 06  6023.7   12 17 47   18 43  19 51   5 37  6 45    8 09  17 56   17 33   6 41    99  12 21.6 - 6 47
Fri Apr 06/Sat Apr 07  6024.7   12 21 44   18 42  19 50   5 37  6 46    8 12  18 00   18 18  .....   100  13 20.2 -11 56
Sat Apr 07/Sun Apr 08  6025.7   12 25 40   18 41  19 50   5 38  6 46    8 15  18 04   19 06  .....    97  14 21.2 -16 17
Sun Apr 08/Mon Apr 09  6026.7   12 29 37   18 40  19 49   5 38  6 46    8 18  18 09   19 58  .....    91  15 24.1 -19 28
Mon Apr 09/Tue Apr 10  6027.7   12 33 34   18 39  19 48   5 38  6 47    8 21  18 13   20 55  .....    84  16 27.8 -21 14
Tue Apr 10/Wed Apr 11  6028.7   12 37 30   18 38  19 47   5 39  6 47    8 24  18 17   21 55  .....    74  17 30.6 -21 28
Wed Apr 11/Thu Apr 12  6029.7   12 41 27   18 37  19 46   5 39  6 48    8 27  18 21   22 56  .....    63  18 31.1 -20 18
Thu Apr 12/Fri Apr 13  6030.7   12 45 23   18 36  19 45   5 39  6 48    8 30  18 26   23 57  .....    52  19 28.3 -17 56
Fri Apr 13/Sat Apr 14  6031.7   12 49 20   18 35  19 44   5 40  6 49    8 33  18 30    0 56  .....    42  20 22.0 -14 40
Sat Apr 14/Sun Apr 15  6032.7   12 53 16   18 35  19 43   5 40  6 49    8 36  18 34    1 53  .....    32  21 12.4 -10 47
Sun Apr 15/Mon Apr 16  6033.7   12 57 13   18 34  19 42   5 41  6 49    8 39  18 39    2 47  .....    23  22 00.2 - 6 30
Mon Apr 16/Tue Apr 17  6034.7   13 01 09   18 33  19 42   5 41  6 50    8 42  18 43    3 40  .....    15  22 46.3 - 2 02
Tue Apr 17/Wed Apr 18  6035.7   13 05 06   18 32  19 41   5 41  6 50    8 45  18 47    4 31  .....     9  23 31.2   2 27
Wed Apr 18/Thu Apr 19  6036.7   13 09 03   18 31  19 40   5 42  6 51    8 48  18 52    5 22  16 51     4   0 15.9   6 47
Thu Apr 19/Fri Apr 20  6037.7   13 12 59   18 30  19 39   5 42  6 51    8 51  18 56    6 13  17 26     1   1 00.9  10 50
Fri Apr 20/Sat Apr 21  6038.7   13 16 56   18 29  19 38   5 42  6 52    8 55  19 00    7 04  18 02     0   1 46.7  14 26
Sat Apr 21/Sun Apr 22  6039.7   13 20 52   18 28  19 38   5 43  6 52    8 58  19 05   .....  18 40     1   2 33.6  17 28
Sun Apr 22/Mon Apr 23  6040.7   13 24 49   18 28  19 37   5 43  6 52    9 01  19 09   .....  19 21     3   3 21.9  19 48
Mon Apr 23/Tue Apr 24  6041.7   13 28 45   18 27  19 36   5 44  6 53    9 04  19 13   .....  20 04     7   4 11.5  21 18
Tue Apr 24/Wed Apr 25  6042.7   13 32 42   18 26  19 35   5 44  6 53    9 07  19 18   .....  20 51    12   5 02.0  21 54
Wed Apr 25/Thu Apr 26  6043.7   13 36 38   18 25  19 35   5 44  6 54    9 11  19 22   .....  21 41    19   5 53.1  21 32
Thu Apr 26/Fri Apr 27  6044.7   13 40 35   18 25  19 34   5 45  6 54    9 14  19 26   .....  22 33    27   6 44.4  20 10
Fri Apr 27/Sat Apr 28  6045.7   13 44 32   18 24  19 33   5 45  6 55    9 17  19 30   .....  23 27    37   7 35.6  17 52
Sat Apr 28/Sun Apr 29  6046.7   13 48 28   18 23  19 33   5 45  6 55    9 20  19 35   .....   0 23    47   8 26.5  14 40
Sun Apr 29/Mon Apr 30  6047.7   13 52 25   18 22  19 32   5 46  6 56    9 24  19 39   .....   1 19    57   9 17.3  10 40
Mon Apr 30/Tue May 01  6048.7   13 56 21   18 22  19 31   5 46  6 56    9 27  19 43   .....   2 17    68  10 08.6   6 01
