  Date (eve/morn)      JDmid    LMSTmidn   ---------- Sun: ---------   LST twilight:  ------------- Moon: --------------
  (2016 at start)    (-2450000)            set  twi.end twi.beg rise    eve    morn    rise   set  %illum   RA      Dec
Mon Feb 01/Tue Feb 02  7420.6    7 05 25   20 39  21 54   5 57  7 12    4 59  13 03    1 53  .....    40  15 31.8 -13 46
Tue Feb 02/Wed Feb 03  7421.6    7 09 22   20 39  21 53   5 58  7 12    5 02  13 08    2 36  .....    31  16 21.3 -15 50
Wed Feb 03/Thu Feb 04  7422.6    7 13 18   20 38  21 53   5 58  7 13    5 06  13 13    3 23  .....    22  17 12.9 -17 11
Thu Feb 04/Fri Feb 05  7423.6    7 17 15   20 38  21 52   5 59  7 14    5 09  13 18    4 15  17 16    14  18 06.3 -17 41
Fri Feb 05/Sat Feb 06  7424.6    7 21 12   20 37  21 51   6 00  7 15    5 12  13 22    5 11  18 09     8  19 01.4 -17 14
Sat Feb 06/Sun Feb 07  7425.6    7 25 08   20 36  21 50   6 01  7 15    5 15  13 27    6 10  19 01     3  19 57.5 -15 46
Sun Feb 07/Mon Feb 08  7426.6    7 29 05   20 36  21 50   6 02  7 16    5 18  13 32   .....  19 51     0  20 54.0 -13 18
Mon Feb 08/Tue Feb 09  7427.6    7 33 01   20 35  21 49   6 03  7 17    5 22  13 37   .....  20 39     0  21 50.4 - 9 59
Tue Feb 09/Wed Feb 10  7428.6    7 36 58   20 35  21 48   6 04  7 17    5 25  13 42   .....  21 26     3  22 46.4 - 5 59
Wed Feb 10/Thu Feb 11  7429.6    7 40 54   20 34  21 47   6 05  7 18    5 28  13 47   .....  22 11     8  23 42.0 - 1 34
Thu Feb 11/Fri Feb 12  7430.6    7 44 51   20 33  21 46   6 06  7 19    5 31  13 51   .....  22 56    16   0 37.3   2 59
Fri Feb 12/Sat Feb 13  7431.6    7 48 47   20 33  21 46   6 06  7 19    5 34  13 56   .....  23 41    25   1 32.7   7 23
Sat Feb 13/Sun Feb 14  7432.6    7 52 44   20 32  21 45   6 07  7 20    5 37  14 01   .....   0 27    36   2 28.5  11 20
Sun Feb 14/Mon Feb 15  7433.6    7 56 41   20 31  21 44   6 08  7 21    5 40  14 06   .....   1 14    47   3 24.9  14 37
Mon Feb 15/Tue Feb 16  7434.6    8 00 37   20 31  21 43   6 09  7 21    5 43  14 10   .....   2 04    58   4 21.9  17 02
Tue Feb 16/Wed Feb 17  7435.6    8 04 34   20 30  21 42   6 10  7 22    5 46  14 15   .....   2 56    69   5 19.1  18 29
Wed Feb 17/Thu Feb 18  7436.6    8 08 30   20 29  21 41   6 10  7 22    5 49  14 20   .....   3 50    79   6 16.0  18 52
Thu Feb 18/Fri Feb 19  7437.6    8 12 27   20 28  21 40   6 11  7 23    5 52  14 25   17 13   4 45    87   7 12.0  18 14
Fri Feb 19/Sat Feb 20  7438.6    8 16 23   20 27  21 39   6 12  7 24    5 55  14 29   18 02   5 40    93   8 06.5  16 40
Sat Feb 20/Sun Feb 21  7439.6    8 20 20   20 27  21 38   6 13  7 24    5 58  14 34   18 48   6 34    97   8 59.1  14 18
Sun Feb 21/Mon Feb 22  7440.6    8 24 16   20 26  21 37   6 13  7 25    6 01  14 39   19 30  .....   100   9 49.7  11 18
Mon Feb 22/Tue Feb 23  7441.6    8 28 13   20 25  21 36   6 14  7 25    6 04  14 43   20 09  .....   100  10 38.5   7 53
Tue Feb 23/Wed Feb 24  7442.6    8 32 10   20 24  21 35   6 15  7 26    6 07  14 48   20 47  .....    98  11 25.8   4 11
Wed Feb 24/Thu Feb 25  7443.6    8 36 06   20 23  21 34   6 16  7 27    6 10  14 53   21 23  .....    95  12 12.1   0 24
Thu Feb 25/Fri Feb 26  7444.6    8 40 03   20 22  21 33   6 16  7 27    6 13  14 57   21 58  .....    90  12 57.7 - 3 20
Fri Feb 26/Sat Feb 27  7445.6    8 43 59   20 22  21 32   6 17  7 28    6 16  15 02   22 34  .....    83  13 43.4 - 6 53
Sat Feb 27/Sun Feb 28  7446.6    8 47 56   20 21  21 31   6 18  7 28    6 19  15 07   23 11  .....    75  14 29.6 -10 07
Sun Feb 28/Mon Feb 29  7447.6    8 51 52   20 20  21 30   6 18  7 29    6 22  15 11   23 49  .....    67  15 16.7 -12 55
Mon Feb 29/Tue Mar 01  7448.6    8 55 49   20 19  21 29   6 19  7 29    6 24  15 16    0 30  .....    58  16 05.2 -15 10
