  Date (eve/morn)      JDmid    LMSTmidn   ---------- Sun: ---------   LST twilight:  ------------- Moon: --------------
  (2011 at start)    (-2450000)            set  twi.end twi.beg rise    eve    morn    rise   set  %illum   RA      Dec
Mon Aug 01/Tue Aug 02  5775.7   20 00 02   18 25  19 36   5 59  7 10   15 36   2 00   .....  20 38     8  10 42.5   2 53
Tue Aug 02/Wed Aug 03  5776.7   20 03 58   18 26  19 37   5 59  7 10   15 40   2 04   .....  21 41    15  11 35.4 - 2 47
Wed Aug 03/Thu Aug 04  5777.7   20 07 55   18 26  19 37   5 58  7 09   15 44   2 07   .....  22 44    24  12 28.9 - 8 18
Thu Aug 04/Fri Aug 05  5778.7   20 11 51   18 27  19 37   5 58  7 08   15 48   2 11   .....  23 47    34  13 23.6 -13 20
Fri Aug 05/Sat Aug 06  5779.7   20 15 48   18 27  19 38   5 57  7 08   15 53   2 14   .....   0 51    46  14 19.9 -17 34
Sat Aug 06/Sun Aug 07  5780.7   20 19 44   18 28  19 38   5 57  7 07   15 57   2 18   .....   1 55    57  15 18.0 -20 44
Sun Aug 07/Mon Aug 08  5781.7   20 23 41   18 28  19 38   5 56  7 06   16 01   2 21   .....   2 56    68  16 17.3 -22 37
Mon Aug 08/Tue Aug 09  5782.7   20 27 37   18 28  19 39   5 56  7 06   16 05   2 24   .....   3 54    78  17 16.9 -23 07
Tue Aug 09/Wed Aug 10  5783.7   20 31 34   18 29  19 39   5 55  7 05   16 10   2 28   .....   4 47    86  18 15.5 -22 14
Wed Aug 10/Thu Aug 11  5784.7   20 35 31   18 29  19 39   5 54  7 04   16 14   2 31   .....   5 34    93  19 12.0 -20 06
Thu Aug 11/Fri Aug 12  5785.7   20 39 27   18 30  19 40   5 54  7 04   16 18   2 34   16 30   6 17    97  20 05.9 -16 56
Fri Aug 12/Sat Aug 13  5786.7   20 43 24   18 30  19 40   5 53  7 03   16 23   2 37   17 27   6 55    99  20 56.9 -12 59
Sat Aug 13/Sun Aug 14  5787.7   20 47 20   18 30  19 40   5 52  7 02   16 27   2 41   18 22   7 31   100  21 45.3 - 8 31
Sun Aug 14/Mon Aug 15  5788.7   20 51 17   18 31  19 40   5 52  7 01   16 31   2 44   19 15  .....    98  22 31.8 - 3 46
Mon Aug 15/Tue Aug 16  5789.7   20 55 13   18 31  19 41   5 51  7 00   16 35   2 47   20 06  .....    94  23 17.0   1 03
Tue Aug 16/Wed Aug 17  5790.7   20 59 10   18 32  19 41   5 50  7 00   16 40   2 50   20 57  .....    89   0 01.7   5 47
Wed Aug 17/Thu Aug 18  5791.7   21 03 06   18 32  19 41   5 50  6 59   16 44   2 54   21 47  .....    82   0 46.6  10 14
Thu Aug 18/Fri Aug 19  5792.7   21 07 03   18 32  19 42   5 49  6 58   16 48   2 57   22 38  .....    74   1 32.4  14 16
Fri Aug 19/Sat Aug 20  5793.7   21 11 00   18 33  19 42   5 48  6 57   16 52   3 00   23 30  .....    66   2 19.6  17 45
Sat Aug 20/Sun Aug 21  5794.7   21 14 56   18 33  19 42   5 47  6 56   16 57   3 03    0 22  .....    56   3 08.7  20 31
Sun Aug 21/Mon Aug 22  5795.7   21 18 53   18 34  19 43   5 46  6 55   17 01   3 06    1 16  .....    47   3 59.9  22 25
Mon Aug 22/Tue Aug 23  5796.7   21 22 49   18 34  19 43   5 46  6 55   17 05   3 09    2 09  .....    37   4 53.1  23 18
Tue Aug 23/Wed Aug 24  5797.7   21 26 46   18 34  19 43   5 45  6 54   17 09   3 12    3 02  .....    28   5 47.9  23 04
Wed Aug 24/Thu Aug 25  5798.7   21 30 42   18 35  19 44   5 44  6 53   17 14   3 16    3 52  .....    19   6 43.5  21 36
Thu Aug 25/Fri Aug 26  5799.7   21 34 39   18 35  19 44   5 43  6 52   17 18   3 19    4 41  .....    11   7 39.2  18 57
Fri Aug 26/Sat Aug 27  5800.7   21 38 35   18 35  19 44   5 42  6 51   17 22   3 22    5 26  .....     5   8 34.6  15 11
Sat Aug 27/Sun Aug 28  5801.7   21 42 32   18 36  19 45   5 41  6 50   17 26   3 25    6 09  17 17     1   9 29.3  10 29
Sun Aug 28/Mon Aug 29  5802.7   21 46 29   18 36  19 45   5 40  6 49   17 31   3 28    6 51  18 21     0  10 23.5   5 06
Mon Aug 29/Tue Aug 30  5803.7   21 50 25   18 36  19 45   5 39  6 48   17 35   3 31    7 33  19 25     2  11 17.6 - 0 36
Tue Aug 30/Wed Aug 31  5804.7   21 54 22   18 37  19 45   5 38  6 47   17 39   3 34   .....  20 30     6  12 12.2 - 6 18
Wed Aug 31/Thu Sep 01  5805.7   21 58 18   18 37  19 46   5 38  6 46   17 43   3 37   .....  21 35    13  13 07.9 -11 37
