  Date (eve/morn)      JDmid    LMSTmidn   ---------- Sun: ---------   LST twilight:  ------------- Moon: --------------
  (2011 at start)    (-2450000)            set  twi.end twi.beg rise    eve    morn    rise   set  %illum   RA      Dec
Tue Nov 01/Wed Nov 02  5867.6    1 02 35   20 04  21 17   5 33  6 46   22 20   6 36   .....   1 53    44  20 12.6 -15 30
Wed Nov 02/Thu Nov 03  5868.6    1 06 31   20 05  21 18   5 32  6 46   22 24   6 39   .....   2 32    54  21 02.8 -11 36
Thu Nov 03/Fri Nov 04  5869.6    1 10 28   20 05  21 19   5 31  6 45   22 29   6 42   .....   3 08    64  21 50.4 - 7 15
Fri Nov 04/Sat Nov 05  5870.6    1 14 24   20 06  21 20   5 30  6 44   22 34   6 45   .....   3 41    73  22 36.2 - 2 40
Sat Nov 05/Sun Nov 06  5871.6    1 18 21   20 06  21 21   5 29  6 44   22 39   6 49   .....   4 14    81  23 21.0   1 59
Sun Nov 06/Mon Nov 07  5872.6    1 22 18   20 07  21 22   5 29  6 43   22 43   6 52   .....   4 47    88   0 05.6   6 32
Mon Nov 07/Tue Nov 08  5873.6    1 26 14   20 08  21 22   5 28  6 43   22 48   6 55   17 24   5 20    93   0 50.8  10 51
Tue Nov 08/Wed Nov 09  5874.6    1 30 11   20 08  21 23   5 27  6 42   22 53   6 58   18 14   5 56    97   1 37.2  14 45
Wed Nov 09/Thu Nov 10  5875.6    1 34 07   20 09  21 24   5 26  6 42   22 58   7 01   19 06   6 35    99   2 25.2  18 06
Thu Nov 10/Fri Nov 11  5876.6    1 38 04   20 10  21 25   5 26  6 41   23 03   7 05   19 58  .....   100   3 15.2  20 42
Fri Nov 11/Sat Nov 12  5877.6    1 42 00   20 11  21 26   5 25  6 41   23 08   7 08   20 51  .....    98   4 06.9  22 25
Sat Nov 12/Sun Nov 13  5878.6    1 45 57   20 11  21 27   5 24  6 40   23 12   7 11   21 43  .....    95   4 59.9  23 06
Sun Nov 13/Mon Nov 14  5879.6    1 49 53   20 12  21 28   5 24  6 40   23 17   7 15   22 33  .....    90   5 53.6  22 42
Mon Nov 14/Tue Nov 15  5880.6    1 53 50   20 13  21 29   5 23  6 39   23 22   7 18   23 21  .....    83   6 47.1  21 12
Tue Nov 15/Wed Nov 16  5881.6    1 57 47   20 13  21 30   5 23  6 39   23 27   7 21    0 06  .....    75   7 40.1  18 39
Wed Nov 16/Thu Nov 17  5882.6    2 01 43   20 14  21 31   5 22  6 39   23 32   7 25    0 49  .....    65   8 32.1  15 10
Thu Nov 17/Fri Nov 18  5883.6    2 05 40   20 15  21 31   5 22  6 38   23 37   7 28    1 30  .....    55   9 23.3  10 54
Fri Nov 18/Sat Nov 19  5884.6    2 09 36   20 16  21 32   5 21  6 38   23 42   7 32    2 09  .....    44  10 14.2   6 03
Sat Nov 19/Sun Nov 20  5885.6    2 13 33   20 16  21 33   5 21  6 38   23 46   7 35    2 48  .....    33  11 05.4   0 48
Sun Nov 20/Mon Nov 21  5886.6    2 17 29   20 17  21 34   5 20  6 37   23 51   7 39    3 28  .....    23  11 57.9 - 4 35
Mon Nov 21/Tue Nov 22  5887.6    2 21 26   20 18  21 35   5 20  6 37   23 56   7 42    4 11  .....    14  12 52.3 - 9 47
Tue Nov 22/Wed Nov 23  5888.6    2 25 22   20 18  21 36   5 19  6 37    0 01   7 46    4 58  17 42     7  13 49.4 -14 28
Wed Nov 23/Thu Nov 24  5889.6    2 29 19   20 19  21 37   5 19  6 37    0 06   7 49    5 50  18 49     2  14 49.3 -18 16
Thu Nov 24/Fri Nov 25  5890.6    2 33 16   20 20  21 38   5 19  6 37    0 11   7 53   .....  19 57     0  15 51.5 -20 48
Fri Nov 25/Sat Nov 26  5891.6    2 37 12   20 21  21 39   5 18  6 37    0 16   7 56   .....  21 03     1  16 54.6 -21 52
Sat Nov 26/Sun Nov 27  5892.6    2 41 09   20 21  21 40   5 18  6 36    0 21   8 00   .....  22 04     5  17 56.9 -21 24
Sun Nov 27/Mon Nov 28  5893.6    2 45 05   20 22  21 41   5 18  6 36    0 25   8 04   .....  22 58    11  18 56.5 -19 33
Mon Nov 28/Tue Nov 29  5894.6    2 49 02   20 23  21 42   5 18  6 36    0 30   8 07   .....  23 46    18  19 52.7 -16 36
Tue Nov 29/Wed Nov 30  5895.6    2 52 58   20 24  21 42   5 17  6 36    0 35   8 11   .....   0 28    27  20 45.3 -12 49
Wed Nov 30/Thu Dec 01  5896.6    2 56 55   20 24  21 43   5 17  6 36    0 40   8 15   .....   1 06    37  21 34.6 - 8 32
