  Date (eve/morn)      JDmid    LMSTmidn   ---------- Sun: ---------   LST twilight:  ------------- Moon: --------------
  (2020 at start)    (-2450000)            set  twi.end twi.beg rise    eve    morn    rise   set  %illum   RA      Dec
Fri May 01/Sat May 02  8971.7   14 00 33   18 21  19 31   5 47  6 57    9 31  19 48   .....   1 52    64  10 08.0  16 26
Sat May 02/Sun May 03  8972.7   14 04 29   18 20  19 30   5 47  6 57    9 34  19 52   .....   2 55    74  11 03.8  11 36
Sun May 03/Mon May 04  8973.7   14 08 26   18 20  19 30   5 47  6 57    9 37  19 57   .....   3 59    84  11 59.1   5 58
Mon May 04/Tue May 05  8974.7   14 12 22   18 19  19 29   5 48  6 58    9 41  20 01   16 23   5 04    92  12 54.4 - 0 06
Tue May 05/Wed May 06  8975.7   14 16 19   18 18  19 29   5 48  6 58    9 44  20 05   17 04   6 09    97  13 50.4 - 6 14
Wed May 06/Thu May 07  8976.7   14 20 15   18 18  19 28   5 48  6 59    9 48  20 10   17 47   7 16   100  14 47.8 -11 59
Thu May 07/Fri May 08  8977.7   14 24 12   18 17  19 28   5 49  6 59    9 51  20 14   18 32  .....    99  15 46.9 -16 55
Fri May 08/Sat May 09  8978.7   14 28 08   18 17  19 27   5 49  7 00    9 55  20 18   19 20  .....    96  16 47.5 -20 40
Sat May 09/Sun May 10  8979.7   14 32 05   18 16  19 27   5 50  7 00    9 58  20 23   20 13  .....    90  17 48.8 -22 59
Sun May 10/Mon May 11  8980.7   14 36 02   18 15  19 26   5 50  7 01   10 01  20 27   21 09  .....    82  18 49.3 -23 47
Mon May 11/Tue May 12  8981.7   14 39 58   18 15  19 26   5 50  7 01   10 05  20 31   22 06  .....    73  19 47.6 -23 09
Tue May 12/Wed May 13  8982.7   14 43 55   18 14  19 25   5 51  7 02   10 09  20 36   23 04  .....    63  20 42.9 -21 17
Wed May 13/Thu May 14  8983.7   14 47 51   18 14  19 25   5 51  7 02   10 12  20 40    0 00  .....    53  21 34.7 -18 26
Thu May 14/Fri May 15  8984.7   14 51 48   18 13  19 25   5 51  7 03   10 16  20 44    0 54  .....    44  22 23.3 -14 50
Fri May 15/Sat May 16  8985.7   14 55 44   18 13  19 24   5 52  7 03   10 19  20 49    1 47  .....    34  23 09.2 -10 41
Sat May 16/Sun May 17  8986.7   14 59 41   18 13  19 24   5 52  7 04   10 23  20 53    2 37  .....    26  23 53.3 - 6 12
Sun May 17/Mon May 18  8987.7   15 03 37   18 12  19 24   5 53  7 04   10 26  20 57    3 27  .....    18   0 36.3 - 1 31
Mon May 18/Tue May 19  8988.7   15 07 34   18 12  19 23   5 53  7 05   10 30  21 02    4 17  .....    11   1 19.0   3 14
Tue May 19/Wed May 20  8989.7   15 11 31   18 11  19 23   5 53  7 05   10 34  21 06    5 07  16 33     6   2 02.4   7 54
Wed May 20/Thu May 21  8990.7   15 15 27   18 11  19 23   5 54  7 06   10 37  21 10    5 59  17 06     2   2 47.1  12 19
Thu May 21/Fri May 22  8991.7   15 19 24   18 11  19 23   5 54  7 06   10 41  21 15    6 53  17 42     0   3 33.7  16 19
Fri May 22/Sat May 23  8992.7   15 23 20   18 10  19 22   5 55  7 07   10 45  21 19    7 48  18 21     0   4 22.9  19 43
Sat May 23/Sun May 24  8993.7   15 27 17   18 10  19 22   5 55  7 07   10 49  21 23   .....  19 04     2   5 14.7  22 17
Sun May 24/Mon May 25  8994.7   15 31 13   18 10  19 22   5 55  7 07   10 52  21 27   .....  19 53     6   6 08.9  23 49
Mon May 25/Tue May 26  8995.7   15 35 10   18 10  19 22   5 56  7 08   10 56  21 32   .....  20 46    11   7 04.9  24 09
Tue May 26/Wed May 27  8996.7   15 39 06   18 09  19 22   5 56  7 08   11 00  21 36   .....  21 43    19   8 01.7  23 11
Wed May 27/Thu May 28  8997.7   15 43 03   18 09  19 21   5 56  7 09   11 04  21 40   .....  22 43    28   8 58.3  20 56
Thu May 28/Fri May 29  8998.7   15 47 00   18 09  19 21   5 57  7 09   11 08  21 45   .....  23 45    38   9 53.9  17 30
Fri May 29/Sat May 30  8999.7   15 50 56   18 09  19 21   5 57  7 10   11 11  21 49   .....   0 46    49  10 48.3  13 02
Sat May 30/Sun May 31  9000.7   15 54 53   18 09  19 21   5 58  7 10   11 15  21 53   .....   1 48    61  11 41.8   7 47
Sun May 31/Mon Jun 01  9001.7   15 58 49   18 08  19 21   5 58  7 11   11 19  21 58   .....   2 50    72  12 34.9   2 01
