  Date (eve/morn)      JDmid    LMSTmidn   ---------- Sun: ---------   LST twilight:  ------------- Moon: --------------
  (2022 at start)    (-2450000)            set  twi.end twi.beg rise    eve    morn    rise   set  %illum   RA      Dec
Sat Jan 01/Sun Jan 02  9581.6    5 05 21   20 42  22 02   5 29  6 49    3 07  10 35    6 23  19 54     1  18 10.0 -25 21
Sun Jan 02/Mon Jan 03  9582.6    5 09 18   20 42  22 03   5 29  6 49    3 12  10 40   .....  21 01     0  19 16.6 -25 17
Mon Jan 03/Tue Jan 04  9583.6    5 13 15   20 43  22 03   5 30  6 50    3 16  10 44   .....  22 01     3  20 21.3 -23 21
Tue Jan 04/Wed Jan 05  9584.6    5 17 11   20 43  22 03   5 31  6 51    3 20  10 49   .....  22 53     8  21 22.2 -19 52
Wed Jan 05/Thu Jan 06  9585.6    5 21 08   20 43  22 03   5 32  6 52    3 24  10 54   .....  23 37    15  22 18.5 -15 15
Thu Jan 06/Fri Jan 07  9586.6    5 25 04   20 43  22 03   5 33  6 52    3 28  10 59   .....   0 15    24  23 10.5 - 9 57
Fri Jan 07/Sat Jan 08  9587.6    5 29 01   20 43  22 03   5 34  6 53    3 32  11 03   .....   0 50    33  23 59.0 - 4 19
Sat Jan 08/Sun Jan 09  9588.6    5 32 57   20 44  22 03   5 34  6 54    3 36  11 08   .....   1 22    43   0 45.3   1 22
Sun Jan 09/Mon Jan 10  9589.6    5 36 54   20 44  22 03   5 35  6 55    3 39  11 13   .....   1 54    53   1 30.5   6 53
Mon Jan 10/Tue Jan 11  9590.6    5 40 50   20 44  22 03   5 36  6 55    3 43  11 18   .....   2 26    63   2 15.6  12 02
Tue Jan 11/Wed Jan 12  9591.6    5 44 47   20 44  22 03   5 37  6 56    3 47  11 23   .....   3 00    72   3 01.7  16 42
Wed Jan 12/Thu Jan 13  9592.6    5 48 44   20 44  22 02   5 38  6 57    3 51  11 28   .....   3 37    80   3 49.3  20 41
Thu Jan 13/Fri Jan 14  9593.6    5 52 40   20 44  22 02   5 39  6 58    3 55  11 33   .....   4 17    87   4 39.1  23 50
Fri Jan 14/Sat Jan 15  9594.6    5 56 37   20 44  22 02   5 40  6 58    3 58  11 37   18 04   5 02    93   5 30.9  25 58
Sat Jan 15/Sun Jan 16  9595.6    6 00 33   20 44  22 02   5 41  6 59    4 02  11 42   18 57   5 51    97   6 24.3  26 57
Sun Jan 16/Mon Jan 17  9596.6    6 04 30   20 43  22 02   5 42  7 00    4 06  11 47   19 48  .....    99   7 18.5  26 42
Mon Jan 17/Tue Jan 18  9597.6    6 08 26   20 43  22 01   5 43  7 01    4 09  11 52   20 36  .....   100   8 12.4  25 10
Tue Jan 18/Wed Jan 19  9598.6    6 12 23   20 43  22 01   5 44  7 01    4 13  11 57   21 21  .....    98   9 05.1  22 28
Wed Jan 19/Thu Jan 20  9599.6    6 16 19   20 43  22 01   5 45  7 02    4 17  12 02   22 01  .....    95   9 56.0  18 43
Thu Jan 20/Fri Jan 21  9600.6    6 20 16   20 43  22 00   5 46  7 03    4 20  12 07   22 38  .....    90  10 45.2  14 07
Fri Jan 21/Sat Jan 22  9601.6    6 24 13   20 43  22 00   5 47  7 04    4 24  12 12   23 13  .....    83  11 33.0   8 52
Sat Jan 22/Sun Jan 23  9602.6    6 28 09   20 42  21 59   5 48  7 04    4 27  12 17   23 47  .....    75  12 20.2   3 12
Sun Jan 23/Mon Jan 24  9603.6    6 32 06   20 42  21 59   5 49  7 05    4 31  12 22    0 20  .....    65  13 07.7 - 2 40
Mon Jan 24/Tue Jan 25  9604.6    6 36 02   20 42  21 58   5 49  7 06    4 34  12 26    0 55  .....    54  13 56.6 - 8 29
Tue Jan 25/Wed Jan 26  9605.6    6 39 59   20 42  21 58   5 50  7 07    4 38  12 31    1 33  .....    43  14 48.0 -13 58
Wed Jan 26/Thu Jan 27  9606.6    6 43 55   20 41  21 57   5 51  7 08    4 41  12 36    2 16  .....    32  15 42.9 -18 48
Thu Jan 27/Fri Jan 28  9607.6    6 47 52   20 41  21 57   5 52  7 08    4 44  12 41    3 06  .....    22  16 41.9 -22 35
Fri Jan 28/Sat Jan 29  9608.6    6 51 48   20 40  21 56   5 53  7 09    4 48  12 46    4 03  17 32    13  17 44.5 -24 56
Sat Jan 29/Sun Jan 30  9609.6    6 55 45   20 40  21 56   5 54  7 10    4 51  12 51    5 07  18 39     6  18 49.2 -25 34
Sun Jan 30/Mon Jan 31  9610.6    6 59 42   20 40  21 55   5 55  7 11    4 54  12 56    6 15  19 42     2  19 53.9 -24 22
Mon Jan 31/Tue Feb 01  9611.6    7 03 38   20 39  21 54   5 56  7 11    4 58  13 01   .....  20 38     0  20 56.1 -21 29
