  Date (eve/morn)      JDmid    LMSTmidn   ---------- Sun: ---------   LST twilight:  ------------- Moon: --------------
  (2017 at start)    (-2450000)            set  twi.end twi.beg rise    eve    morn    rise   set  %illum   RA      Dec
Mon May 01/Tue May 02  7875.7   13 59 28   18 21  19 31   5 46  6 56    9 30  19 47   .....  23 39    39   8 02.2  18 02
Tue May 02/Wed May 03  7876.7   14 03 24   18 20  19 30   5 47  6 57    9 33  19 51   .....   0 39    50   8 58.8  15 47
Wed May 03/Thu May 04  7877.7   14 07 21   18 20  19 30   5 47  6 57    9 36  19 55   .....   1 36    60   9 52.7  12 44
Thu May 04/Fri May 05  7878.7   14 11 18   18 19  19 29   5 48  6 58    9 40  20 00   .....   2 32    70  10 44.0   9 07
Fri May 05/Sat May 06  7879.7   14 15 14   18 18  19 29   5 48  6 58    9 43  20 04   .....   3 26    79  11 33.3   5 09
Sat May 06/Sun May 07  7880.7   14 19 11   18 18  19 28   5 48  6 59    9 47  20 08   .....   4 18    87  12 21.3   1 02
Sun May 07/Mon May 08  7881.7   14 23 07   18 17  19 28   5 49  6 59    9 50  20 13   16 22   5 10    93  13 08.4 - 3 04
Mon May 08/Tue May 09  7882.7   14 27 04   18 17  19 27   5 49  7 00    9 54  20 17   16 58   6 02    97  13 55.4 - 6 59
Tue May 09/Wed May 10  7883.7   14 31 00   18 16  19 27   5 49  7 00    9 57  20 21   17 35   6 53    99  14 42.6 -10 34
Wed May 10/Thu May 11  7884.7   14 34 57   18 16  19 26   5 50  7 01   10 01  20 26   18 13   7 44   100  15 30.5 -13 40
Thu May 11/Fri May 12  7885.7   14 38 53   18 15  19 26   5 50  7 01   10 04  20 30   18 52  .....    98  16 19.3 -16 10
Fri May 12/Sat May 13  7886.7   14 42 50   18 15  19 25   5 51  7 02   10 08  20 34   19 34  .....    95  17 08.9 -17 57
Sat May 13/Sun May 14  7887.7   14 46 47   18 14  19 25   5 51  7 02   10 11  20 39   20 19  .....    90  17 59.2 -18 56
Sun May 14/Mon May 15  7888.7   14 50 43   18 14  19 25   5 51  7 03   10 15  20 43   21 06  .....    84  18 49.9 -19 03
Mon May 15/Tue May 16  7889.7   14 54 40   18 13  19 24   5 52  7 03   10 18  20 47   21 56  .....    76  19 40.8 -18 18
Tue May 16/Wed May 17  7890.7   14 58 36   18 13  19 24   5 52  7 04   10 22  20 52   22 47  .....    67  20 31.5 -16 41
Wed May 17/Thu May 18  7891.7   15 02 33   18 12  19 24   5 52  7 04   10 26  20 56   23 41  .....    58  21 21.9 -14 16
Thu May 18/Fri May 19  7892.7   15 06 29   18 12  19 23   5 53  7 05   10 29  21 00    0 35  .....    48  22 12.2 -11 08
Fri May 19/Sat May 20  7893.7   15 10 26   18 12  19 23   5 53  7 05   10 33  21 05    1 31  .....    37  23 02.6 - 7 22
Sat May 20/Sun May 21  7894.7   15 14 22   18 11  19 23   5 54  7 05   10 36  21 09    2 29  .....    27  23 53.5 - 3 07
Sun May 21/Mon May 22  7895.7   15 18 19   18 11  19 23   5 54  7 06   10 40  21 13    3 29  .....    18   0 45.6   1 25
Mon May 22/Tue May 23  7896.7   15 22 16   18 10  19 22   5 54  7 06   10 44  21 18    4 31  .....    10   1 39.5   6 02
Tue May 23/Wed May 24  7897.7   15 26 12   18 10  19 22   5 55  7 07   10 48  21 22    5 36  16 42     4   2 35.7  10 26
Wed May 24/Thu May 25  7898.7   15 30 09   18 10  19 22   5 55  7 07   10 51  21 26    6 42  17 31     1   3 34.5  14 17
Thu May 25/Fri May 26  7899.7   15 34 05   18 10  19 22   5 56  7 08   10 55  21 31    7 49  18 24     0   4 35.6  17 15
Fri May 26/Sat May 27  7900.7   15 38 02   18 09  19 22   5 56  7 08   10 59  21 35   .....  19 22     3   5 38.3  19 03
Sat May 27/Sun May 28  7901.7   15 41 58   18 09  19 22   5 56  7 09   11 03  21 39   .....  20 23     8   6 41.2  19 31
Sun May 28/Mon May 29  7902.7   15 45 55   18 09  19 21   5 57  7 09   11 07  21 44   .....  21 25    15   7 42.7  18 41
Mon May 29/Tue May 30  7903.7   15 49 51   18 09  19 21   5 57  7 10   11 10  21 48   .....  22 28    25   8 41.8  16 42
Tue May 30/Wed May 31  7904.7   15 53 48   18 09  19 21   5 57  7 10   11 14  21 52   .....  23 28    35   9 37.7  13 49
Wed May 31/Thu Jun 01  7905.7   15 57 45   18 09  19 21   5 58  7 10   11 18  21 57   .....   0 26    45  10 30.6  10 16
