  Date (eve/morn)      JDmid    LMSTmidn   ---------- Sun: ---------   LST twilight:  ------------- Moon: --------------
  (2016 at start)    (-2450000)            set  twi.end twi.beg rise    eve    morn    rise   set  %illum   RA      Dec
Sun May 01/Mon May 02  7510.7   14 00 25   18 21  19 31   5 46  6 57    9 31  19 48    2 21  .....    28  22 39.0 - 7 07
Mon May 02/Tue May 03  7511.7   14 04 22   18 20  19 30   5 47  6 57    9 34  19 52    3 23  .....    18  23 33.3 - 2 49
Tue May 03/Wed May 04  7512.7   14 08 18   18 20  19 30   5 47  6 57    9 37  19 56    4 26  .....    10   0 28.5   1 45
Wed May 04/Thu May 05  7513.7   14 12 15   18 19  19 29   5 48  6 58    9 41  20 01    5 31  16 54     4   1 25.0   6 19
Thu May 05/Fri May 06  7514.7   14 16 11   18 18  19 29   5 48  6 58    9 44  20 05    6 37  17 42     1   2 22.9  10 33
Fri May 06/Sat May 07  7515.7   14 20 08   18 18  19 28   5 48  6 59    9 47  20 09    7 43  18 32     0   3 22.4  14 08
Sat May 07/Sun May 08  7516.7   14 24 04   18 17  19 28   5 49  6 59    9 51  20 14   .....  19 26     3   4 22.9  16 47
Sun May 08/Mon May 09  7517.7   14 28 01   18 17  19 27   5 49  7 00    9 54  20 18   .....  20 22     8   5 23.5  18 18
Mon May 09/Tue May 10  7518.7   14 31 58   18 16  19 27   5 50  7 00    9 58  20 22   .....  21 20    15   6 23.2  18 39
Tue May 10/Wed May 11  7519.7   14 35 54   18 15  19 26   5 50  7 01   10 01  20 27   .....  22 18    24   7 21.1  17 52
Wed May 11/Thu May 12  7520.7   14 39 51   18 15  19 26   5 50  7 01   10 05  20 31   .....  23 16    34   8 16.3  16 08
Thu May 12/Fri May 13  7521.7   14 43 47   18 14  19 25   5 51  7 02   10 08  20 35   .....   0 11    44   9 08.9  13 38
Fri May 13/Sat May 14  7522.7   14 47 44   18 14  19 25   5 51  7 02   10 12  20 40   .....   1 05    54   9 58.9  10 33
Sat May 14/Sun May 15  7523.7   14 51 40   18 13  19 25   5 51  7 03   10 16  20 44   .....   1 57    64  10 46.8   7 04
Sun May 15/Mon May 16  7524.7   14 55 37   18 13  19 24   5 52  7 03   10 19  20 48   .....   2 47    73  11 33.3   3 22
Mon May 16/Tue May 17  7525.7   14 59 33   18 13  19 24   5 52  7 04   10 23  20 53   .....   3 37    81  12 19.0 - 0 26
Tue May 17/Wed May 18  7526.7   15 03 30   18 12  19 24   5 53  7 04   10 26  20 57   .....   4 27    88  13 04.5 - 4 11
Wed May 18/Thu May 19  7527.7   15 07 27   18 12  19 23   5 53  7 05   10 30  21 01   16 11   5 17    93  13 50.5 - 7 46
Thu May 19/Fri May 20  7528.7   15 11 23   18 11  19 23   5 53  7 05   10 34  21 06   16 47   6 07    97  14 37.4 -11 03
Fri May 20/Sat May 21  7529.7   15 15 20   18 11  19 23   5 54  7 06   10 37  21 10   17 26   6 58    99  15 25.6 -13 54
Sat May 21/Sun May 22  7530.7   15 19 16   18 11  19 23   5 54  7 06   10 41  21 14   18 07   7 49   100  16 15.3 -16 08
Sun May 22/Mon May 23  7531.7   15 23 13   18 10  19 22   5 55  7 07   10 45  21 19   18 51  .....    98  17 06.4 -17 40
Mon May 23/Tue May 24  7532.7   15 27 09   18 10  19 22   5 55  7 07   10 49  21 23   19 38  .....    95  17 58.8 -18 21
Tue May 24/Wed May 25  7533.7   15 31 06   18 10  19 22   5 55  7 07   10 52  21 27   20 29  .....    89  18 51.9 -18 08
Wed May 25/Thu May 26  7534.7   15 35 02   18 10  19 22   5 56  7 08   10 56  21 32   21 22  .....    82  19 45.4 -16 59
Thu May 26/Fri May 27  7535.7   15 38 59   18 09  19 22   5 56  7 08   11 00  21 36   22 17  .....    74  20 38.9 -14 56
Fri May 27/Sat May 28  7536.7   15 42 56   18 09  19 21   5 56  7 09   11 04  21 40   23 14  .....    64  21 32.0 -12 04
Sat May 28/Sun May 29  7537.7   15 46 52   18 09  19 21   5 57  7 09   11 07  21 45    0 12  .....    53  22 24.9 - 8 31
Sun May 29/Mon May 30  7538.7   15 50 49   18 09  19 21   5 57  7 10   11 11  21 49    1 11  .....    42  23 17.7 - 4 25
Mon May 30/Tue May 31  7539.7   15 54 45   18 09  19 21   5 58  7 10   11 15  21 53    2 11  .....    31   0 11.1 - 0 01
Tue May 31/Wed Jun 01  7540.7   15 58 42   18 08  19 21   5 58  7 11   11 19  21 58    3 13  .....    21   1 05.4   4 30
