  Date (eve/morn)      JDmid    LMSTmidn   ---------- Sun: ---------   LST twilight:  ------------- Moon: --------------
  (2017 at start)    (-2450000)            set  twi.end twi.beg rise    eve    morn    rise   set  %illum   RA      Dec
Sat Jul 01/Sun Jul 02  7936.7   17 59 58   18 13  19 26   6 05  7 19   13 25   0 06   .....   1 53    60  13 30.1 - 4 40
Sun Jul 02/Mon Jul 03  7937.7   18 03 54   18 13  19 26   6 06  7 19   13 29   0 10   .....   2 45    70  14 16.7 - 8 29
Mon Jul 03/Tue Jul 04  7938.7   18 07 51   18 13  19 26   6 06  7 19   13 34   0 14   .....   3 35    78  15 03.8 -11 55
Tue Jul 04/Wed Jul 05  7939.7   18 11 47   18 14  19 27   6 06  7 19   13 38   0 18   .....   4 26    86  15 51.6 -14 49
Wed Jul 05/Thu Jul 06  7940.7   18 15 44   18 14  19 27   6 06  7 19   13 42   0 22   .....   5 17    92  16 40.5 -17 06
Thu Jul 06/Fri Jul 07  7941.7   18 19 41   18 14  19 27   6 06  7 18   13 46   0 26   16 14   6 07    96  17 30.6 -18 38
Fri Jul 07/Sat Jul 08  7942.7   18 23 37   18 15  19 28   6 06  7 18   13 51   0 30   17 00   6 56    99  18 21.6 -19 20
Sat Jul 08/Sun Jul 09  7943.7   18 27 34   18 15  19 28   6 06  7 18   13 55   0 34   17 48   7 44   100  19 13.2 -19 07
Sun Jul 09/Mon Jul 10  7944.7   18 31 30   18 16  19 28   6 05  7 18   13 59   0 38   18 39  .....    99  20 04.8 -18 01
Mon Jul 10/Tue Jul 11  7945.7   18 35 27   18 16  19 29   6 05  7 18   14 03   0 42   19 31  .....    96  20 56.2 -16 03
Tue Jul 11/Wed Jul 12  7946.7   18 39 23   18 16  19 29   6 05  7 18   14 08   0 46   20 25  .....    91  21 47.0 -13 17
Wed Jul 12/Thu Jul 13  7947.7   18 43 20   18 17  19 29   6 05  7 18   14 12   0 50   21 19  .....    85  22 37.2 - 9 52
Thu Jul 13/Fri Jul 14  7948.7   18 47 16   18 17  19 30   6 05  7 17   14 16   0 53   22 14  .....    76  23 27.0 - 5 55
Fri Jul 14/Sat Jul 15  7949.7   18 51 13   18 18  19 30   6 05  7 17   14 21   0 57   23 10  .....    67   0 16.9 - 1 38
Sat Jul 15/Sun Jul 16  7950.7   18 55 10   18 18  19 30   6 05  7 17   14 25   1 01    0 07  .....    56   1 07.5   2 48
Sun Jul 16/Mon Jul 17  7951.7   18 59 06   18 19  19 31   6 05  7 17   14 29   1 05    1 05  .....    45   1 59.5   7 12
Mon Jul 17/Tue Jul 18  7952.7   19 03 03   18 19  19 31   6 04  7 16   14 33   1 08    2 06  .....    34   2 53.5  11 18
Tue Jul 18/Wed Jul 19  7953.7   19 06 59   18 19  19 32   6 04  7 16   14 38   1 12    3 09  .....    24   3 50.1  14 51
Wed Jul 19/Thu Jul 20  7954.7   19 10 56   18 20  19 32   6 04  7 16   14 42   1 16    4 13  .....    14   4 49.3  17 33
Thu Jul 20/Fri Jul 21  7955.7   19 14 52   18 20  19 32   6 04  7 16   14 46   1 20    5 17  .....     7   5 50.5  19 09
Fri Jul 21/Sat Jul 22  7956.7   19 18 49   18 21  19 33   6 03  7 15   14 51   1 23    6 19  16 45     2   6 52.8  19 28
Sat Jul 22/Sun Jul 23  7957.7   19 22 45   18 21  19 33   6 03  7 15   14 55   1 27    7 17  17 48     0   7 54.5  18 29
Sun Jul 23/Mon Jul 24  7958.7   19 26 42   18 22  19 33   6 03  7 14   14 59   1 31   .....  18 52     1   8 54.5  16 19
Mon Jul 24/Tue Jul 25  7959.7   19 30 39   18 22  19 34   6 02  7 14   15 04   1 34   .....  19 56     4   9 51.8  13 11
Tue Jul 25/Wed Jul 26  7960.7   19 34 35   18 23  19 34   6 02  7 13   15 08   1 38   .....  20 57    10  10 46.0   9 25
Wed Jul 26/Thu Jul 27  7961.7   19 38 32   18 23  19 34   6 02  7 13   15 12   1 41   .....  21 55    17  11 37.6   5 16
Thu Jul 27/Fri Jul 28  7962.7   19 42 28   18 23  19 35   6 01  7 13   15 16   1 45   .....  22 51    25  12 27.0   0 59
Fri Jul 28/Sat Jul 29  7963.7   19 46 25   18 24  19 35   6 01  7 12   15 21   1 48   .....  23 45    35  13 15.0 - 3 13
Sat Jul 29/Sun Jul 30  7964.7   19 50 21   18 24  19 35   6 01  7 12   15 25   1 52   .....   0 37    45  14 02.2 - 7 11
Sun Jul 30/Mon Jul 31  7965.7   19 54 18   18 25  19 36   6 00  7 11   15 29   1 55   .....   1 29    54  14 49.3 -10 46
Mon Jul 31/Tue Aug 01  7966.7   19 58 14   18 25  19 36   6 00  7 10   15 34   1 59   .....   2 20    64  15 36.8 -13 52
