  Date (eve/morn)      JDmid    LMSTmidn   ---------- Sun: ---------   LST twilight:  ------------- Moon: --------------
  (2021 at start)    (-2450000)            set  twi.end twi.beg rise    eve    morn    rise   set  %illum   RA      Dec
Wed Dec 01/Thu Dec 02  9550.6    3 03 08   20 25  21 45   5 17  6 36    0 47   8 21    5 05  17 41     7  14 30.6 -12 03
Thu Dec 02/Fri Dec 03  9551.6    3 07 05   20 26  21 46   5 17  6 36    0 52   8 25    5 51  18 48     2  15 27.7 -17 28
Fri Dec 03/Sat Dec 04  9552.6    3 11 01   20 27  21 46   5 17  6 36    0 57   8 29   .....  19 59     0  16 29.0 -21 50
Sat Dec 04/Sun Dec 05  9553.6    3 14 58   20 28  21 47   5 17  6 37    1 02   8 33   .....  21 11     1  17 33.8 -24 41
Sun Dec 05/Mon Dec 06  9554.6    3 18 54   20 28  21 48   5 17  6 37    1 07   8 37   .....  22 20     5  18 40.3 -25 42
Mon Dec 06/Tue Dec 07  9555.6    3 22 51   20 29  21 49   5 17  6 37    1 11   8 41   .....  23 23    11  19 45.8 -24 49
Tue Dec 07/Wed Dec 08  9556.6    3 26 48   20 30  21 50   5 17  6 37    1 16   8 45   .....   0 17    19  20 48.0 -22 14
Wed Dec 08/Thu Dec 09  9557.6    3 30 44   20 30  21 50   5 17  6 37    1 21   8 49   .....   1 03    29  21 45.7 -18 21
Thu Dec 09/Fri Dec 10  9558.6    3 34 41   20 31  21 51   5 17  6 38    1 26   8 53   .....   1 43    40  22 38.7 -13 33
Fri Dec 10/Sat Dec 11  9559.6    3 38 37   20 32  21 52   5 18  6 38    1 30   8 57   .....   2 18    50  23 28.0 - 8 14
Sat Dec 11/Sun Dec 12  9560.6    3 42 34   20 32  21 53   5 18  6 38    1 35   9 01   .....   2 51    60   0 14.6 - 2 41
Sun Dec 12/Mon Dec 13  9561.6    3 46 30   20 33  21 53   5 18  6 38    1 40   9 05   .....   3 22    70   0 59.7   2 52
Mon Dec 13/Tue Dec 14  9562.6    3 50 27   20 34  21 54   5 18  6 39    1 44   9 10   .....   3 53    79   1 44.3   8 15
Tue Dec 14/Wed Dec 15  9563.6    3 54 23   20 34  21 55   5 19  6 39    1 49   9 14   .....   4 26    86   2 29.4  13 16
Wed Dec 15/Thu Dec 16  9564.6    3 58 20   20 35  21 55   5 19  6 39    1 53   9 18   17 30   5 00    92   3 15.8  17 46
Thu Dec 16/Fri Dec 17  9565.6    4 02 17   20 35  21 56   5 19  6 40    1 58   9 22   18 23   5 38    96   4 04.2  21 33
Fri Dec 17/Sat Dec 18  9566.6    4 06 13   20 36  21 57   5 20  6 40    2 03   9 27   19 16   6 20    99   4 54.6  24 27
Sat Dec 18/Sun Dec 19  9567.6    4 10 10   20 36  21 57   5 20  6 41    2 07   9 31   20 10  .....   100   5 46.9  26 17
Sun Dec 19/Mon Dec 20  9568.6    4 14 06   20 37  21 58   5 20  6 41    2 12   9 35   21 02  .....    99   6 40.4  26 56
Mon Dec 20/Tue Dec 21  9569.6    4 18 03   20 38  21 58   5 21  6 42    2 16   9 40   21 52  .....    96   7 34.2  26 21
Tue Dec 21/Wed Dec 22  9570.6    4 21 59   20 38  21 59   5 21  6 42    2 20   9 44   22 39  .....    92   8 27.2  24 32
Wed Dec 22/Thu Dec 23  9571.6    4 25 56   20 39  21 59   5 22  6 43    2 25   9 49   23 22  .....    86   9 18.7  21 37
Thu Dec 23/Fri Dec 24  9572.6    4 29 52   20 39  22 00   5 23  6 43    2 29   9 53    0 01  .....    78  10 08.5  17 43
Fri Dec 24/Sat Dec 25  9573.6    4 33 49   20 39  22 00   5 23  6 44    2 34   9 58    0 37  .....    70  10 56.8  13 01
Sat Dec 25/Sun Dec 26  9574.6    4 37 46   20 40  22 01   5 24  6 44    2 38  10 02    1 11  .....    60  11 44.2   7 43
Sun Dec 26/Mon Dec 27  9575.6    4 41 42   20 40  22 01   5 24  6 45    2 42  10 07    1 45  .....    49  12 31.5   1 59
Mon Dec 27/Tue Dec 28  9576.6    4 45 39   20 41  22 01   5 25  6 46    2 47  10 12    2 20  .....    39  13 19.8 - 3 57
Tue Dec 28/Wed Dec 29  9577.6    4 49 35   20 41  22 02   5 26  6 46    2 51  10 16    2 57  .....    28  14 10.3 - 9 49
Wed Dec 29/Thu Dec 30  9578.6    4 53 32   20 41  22 02   5 26  6 47    2 55  10 21    3 38  .....    18  15 04.1 -15 19
Thu Dec 30/Fri Dec 31  9579.6    4 57 28   20 42  22 02   5 27  6 47    2 59  10 25    4 26  17 33    10  16 02.1 -20 02
Fri Dec 31/Sat Jan 01  9580.6    5 01 25   20 42  22 02   5 28  6 48    3 03  10 30    5 21  18 43     4  17 04.4 -23 31
