  Date (eve/morn)      JDmid    LMSTmidn   ---------- Sun: ---------   LST twilight:  ------------- Moon: --------------
  (2013 at start)    (-2450000)            set  twi.end twi.beg rise    eve    morn    rise   set  %illum   RA      Dec
Sat Jun 01/Sun Jun 02  6445.7   16 01 34   18 08  19 21   5 58  7 11   11 22  22 01    1 50  .....    35  23 51.8   3 24
Sun Jun 02/Mon Jun 03  6446.7   16 05 30   18 08  19 21   5 59  7 11   11 26  22 05    2 44  .....    26   0 39.8   7 37
Mon Jun 03/Tue Jun 04  6447.7   16 09 27   18 08  19 21   5 59  7 12   11 30  22 09    3 37  .....    17   1 27.6  11 25
Tue Jun 04/Wed Jun 05  6448.7   16 13 23   18 08  19 21   5 59  7 12   11 34  22 14    4 30  .....    11   2 15.8  14 40
Wed Jun 05/Thu Jun 06  6449.7   16 17 20   18 08  19 21   6 00  7 13   11 38  22 18    5 22  16 07     5   3 04.4  17 15
Thu Jun 06/Fri Jun 07  6450.7   16 21 16   18 08  19 21   6 00  7 13   11 42  22 22    6 14  16 50     2   3 53.7  19 05
Fri Jun 07/Sat Jun 08  6451.7   16 25 13   18 08  19 21   6 00  7 13   11 46  22 26    7 03  17 35     0   4 43.5  20 05
Sat Jun 08/Sun Jun 09  6452.7   16 29 10   18 08  19 21   6 01  7 14   11 50  22 31    7 51  18 23     0   5 33.3  20 13
Sun Jun 09/Mon Jun 10  6453.7   16 33 06   18 08  19 21   6 01  7 14   11 54  22 35   .....  19 12     2   6 22.9  19 29
Mon Jun 10/Tue Jun 11  6454.7   16 37 03   18 08  19 21   6 01  7 14   11 58  22 39   .....  20 02     5   7 11.8  17 55
Tue Jun 11/Wed Jun 12  6455.7   16 40 59   18 08  19 21   6 01  7 15   12 02  22 43   .....  20 53    10   7 59.8  15 37
Wed Jun 12/Thu Jun 13  6456.7   16 44 56   18 08  19 22   6 02  7 15   12 06  22 48   .....  21 44    17   8 47.1  12 38
Thu Jun 13/Fri Jun 14  6457.7   16 48 52   18 08  19 22   6 02  7 15   12 10  22 52   .....  22 36    25   9 33.8   9 07
Fri Jun 14/Sat Jun 15  6458.7   16 52 49   18 09  19 22   6 02  7 16   12 14  22 56   .....  23 28    34  10 20.5   5 09
Sat Jun 15/Sun Jun 16  6459.7   16 56 45   18 09  19 22   6 03  7 16   12 18  23 00   .....   0 21    43  11 07.7   0 53
Sun Jun 16/Mon Jun 17  6460.7   17 00 42   18 09  19 22   6 03  7 16   12 22  23 05   .....   1 16    54  11 56.2 - 3 33
Mon Jun 17/Tue Jun 18  6461.7   17 04 39   18 09  19 22   6 03  7 16   12 26  23 09   .....   2 13    64  12 46.9 - 7 58
Tue Jun 18/Wed Jun 19  6462.7   17 08 35   18 09  19 22   6 03  7 17   12 30  23 13   .....   3 13    75  13 40.6 -12 07
Wed Jun 19/Thu Jun 20  6463.7   17 12 32   18 09  19 23   6 04  7 17   12 34  23 17   .....   4 16    84  14 37.9 -15 43
Thu Jun 20/Fri Jun 21  6464.7   17 16 28   18 10  19 23   6 04  7 17   12 39  23 21   .....   5 20    92  15 39.1 -18 26
Fri Jun 21/Sat Jun 22  6465.7   17 20 25   18 10  19 23   6 04  7 17   12 43  23 25   16 20   6 25    97  16 43.3 -19 55
Sat Jun 22/Sun Jun 23  6466.7   17 24 21   18 10  19 23   6 04  7 18   12 47  23 30   17 22   7 28   100  17 49.2 -19 56
Sun Jun 23/Mon Jun 24  6467.7   17 28 18   18 10  19 24   6 04  7 18   12 51  23 34   18 28  .....    99  18 54.7 -18 26
Mon Jun 24/Tue Jun 25  6468.7   17 32 14   18 10  19 24   6 05  7 18   12 55  23 38   19 35  .....    95  19 57.9 -15 36
Tue Jun 25/Wed Jun 26  6469.7   17 36 11   18 11  19 24   6 05  7 18   13 00  23 42   20 41  .....    89  20 57.9 -11 46
Wed Jun 26/Thu Jun 27  6470.7   17 40 08   18 11  19 24   6 05  7 18   13 04  23 46   21 45  .....    80  21 54.3 - 7 20
Thu Jun 27/Fri Jun 28  6471.7   17 44 04   18 11  19 25   6 05  7 18   13 08  23 50   22 45  .....    71  22 47.7 - 2 38
Fri Jun 28/Sat Jun 29  6472.7   17 48 01   18 12  19 25   6 05  7 18   13 12  23 54   23 43  .....    60  23 38.7   2 02
Sat Jun 29/Sun Jun 30  6473.7   17 51 57   18 12  19 25   6 05  7 18   13 16  23 58    0 39  .....    50   0 28.2   6 27
Sun Jun 30/Mon Jul 01  6474.7   17 55 54   18 12  19 25   6 05  7 19   13 21   0 02    1 33  .....    39   1 16.9  10 27
