  Date (eve/morn)      JDmid    LMSTmidn   ---------- Sun: ---------   LST twilight:  ------------- Moon: --------------
  (2018 at start)    (-2450000)            set  twi.end twi.beg rise    eve    morn    rise   set  %illum   RA      Dec
Sun Apr 01/Mon Apr 02  8210.7   12 00 14   18 47  19 56   5 35  6 43    7 55  17 36   19 41  .....    97  14 11.1 - 7 27
Mon Apr 02/Tue Apr 03  8211.7   12 04 10   18 46  19 55   5 35  6 44    7 58  17 41   20 20  .....    92  15 01.7 -11 27
Tue Apr 03/Wed Apr 04  8212.7   12 08 07   18 45  19 54   5 36  6 44    8 01  17 45   21 01  .....    85  15 52.3 -14 48
Wed Apr 04/Thu Apr 05  8213.7   12 12 04   18 44  19 53   5 36  6 45    8 04  17 49   21 43  .....    78  16 43.1 -17 22
Thu Apr 05/Fri Apr 06  8214.7   12 16 00   18 43  19 52   5 37  6 45    8 07  17 54   22 27  .....    69  17 33.9 -19 05
Fri Apr 06/Sat Apr 07  8215.7   12 19 57   18 43  19 51   5 37  6 45    8 10  17 58   23 13  .....    60  18 24.6 -19 53
Sat Apr 07/Sun Apr 08  8216.7   12 23 53   18 42  19 50   5 37  6 46    8 13  18 02    0 01  .....    51  19 15.1 -19 46
Sun Apr 08/Mon Apr 09  8217.7   12 27 50   18 41  19 49   5 38  6 46    8 16  18 07    0 52  .....    41  20 05.0 -18 46
Mon Apr 09/Tue Apr 10  8218.7   12 31 46   18 40  19 48   5 38  6 47    8 19  18 11    1 43  .....    32  20 54.4 -16 56
Tue Apr 10/Wed Apr 11  8219.7   12 35 43   18 39  19 47   5 39  6 47    8 22  18 15    2 35  .....    23  21 43.1 -14 19
Wed Apr 11/Thu Apr 12  8220.7   12 39 39   18 38  19 46   5 39  6 48    8 25  18 20    3 29  .....    16  22 31.3 -11 01
Thu Apr 12/Fri Apr 13  8221.7   12 43 36   18 37  19 45   5 39  6 48    8 28  18 24    4 23  16 44     9  23 19.4 - 7 10
Fri Apr 13/Sat Apr 14  8222.7   12 47 33   18 36  19 45   5 40  6 48    8 31  18 28    5 19  17 22     4   0 07.7 - 2 53
Sat Apr 14/Sun Apr 15  8223.7   12 51 29   18 35  19 44   5 40  6 49    8 34  18 32    6 16  18 00     1   0 56.8   1 40
Sun Apr 15/Mon Apr 16  8224.7   12 55 26   18 34  19 43   5 40  6 49    8 38  18 37    7 14  18 40     0   1 47.3   6 15
Mon Apr 16/Tue Apr 17  8225.7   12 59 22   18 33  19 42   5 41  6 50    8 41  18 41   .....  19 21     2   2 39.6  10 38
Tue Apr 17/Wed Apr 18  8226.7   13 03 19   18 32  19 41   5 41  6 50    8 44  18 45   .....  20 06     5   3 34.2  14 33
Wed Apr 18/Thu Apr 19  8227.7   13 07 15   18 31  19 40   5 42  6 51    8 47  18 50   .....  20 54    12   4 31.2  17 42
Thu Apr 19/Fri Apr 20  8228.7   13 11 12   18 31  19 40   5 42  6 51    8 50  18 54   .....  21 47    20   5 30.2  19 50
Fri Apr 20/Sat Apr 21  8229.7   13 15 08   18 30  19 39   5 42  6 51    8 53  18 58   .....  22 44    30   6 30.6  20 45
Sat Apr 21/Sun Apr 22  8230.7   13 19 05   18 29  19 38   5 43  6 52    8 56  19 03   .....  23 44    41   7 31.2  20 23
Sun Apr 22/Mon Apr 23  8231.7   13 23 02   18 28  19 37   5 43  6 52    9 00  19 07   .....   0 46    52   8 30.9  18 44
Mon Apr 23/Tue Apr 24  8232.7   13 26 58   18 27  19 36   5 43  6 53    9 03  19 11   .....   1 47    63   9 28.9  15 59
Tue Apr 24/Wed Apr 25  8233.7   13 30 55   18 26  19 36   5 44  6 53    9 06  19 16   .....   2 48    74  10 24.7  12 19
Wed Apr 25/Thu Apr 26  8234.7   13 34 51   18 26  19 35   5 44  6 54    9 09  19 20   .....   3 47    83  11 18.5   8 02
Thu Apr 26/Fri Apr 27  8235.7   13 38 48   18 25  19 34   5 44  6 54    9 12  19 24   16 20   4 45    90  12 10.6   3 23
Fri Apr 27/Sat Apr 28  8236.7   13 42 44   18 24  19 34   5 45  6 54    9 16  19 29   16 59   5 42    96  13 01.6 - 1 23
Sat Apr 28/Sun Apr 29  8237.7   13 46 41   18 23  19 33   5 45  6 55    9 19  19 33   17 37   6 39    99  13 52.1 - 5 59
Sun Apr 29/Mon Apr 30  8238.7   13 50 37   18 23  19 32   5 46  6 55    9 22  19 37   18 16   7 34   100  14 42.5 -10 13
Mon Apr 30/Tue May 01  8239.7   13 54 34   18 22  19 32   5 46  6 56    9 26  19 41   18 55  .....    98  15 33.1 -13 53
