  Date (eve/morn)      JDmid    LMSTmidn   ---------- Sun: ---------   LST twilight:  ------------- Moon: --------------
  (2014 at start)    (-2450000)            set  twi.end twi.beg rise    eve    morn    rise   set  %illum   RA      Dec
Fri Aug 01/Sat Aug 02  6871.7   20 01 06   18 25  19 36   5 59  7 10   15 37   2 01   .....  23 25    31  13 03.1 - 7 01
Sat Aug 02/Sun Aug 03  6872.7   20 05 03   18 26  19 37   5 59  7 09   15 41   2 05   .....   0 18    40  13 51.4 -10 34
Sun Aug 03/Mon Aug 04  6873.7   20 08 59   18 26  19 37   5 58  7 09   15 45   2 08   .....   1 13    51  14 42.2 -13 43
Mon Aug 04/Tue Aug 05  6874.7   20 12 56   18 27  19 37   5 58  7 08   15 50   2 12   .....   2 10    61  15 36.0 -16 16
Tue Aug 05/Wed Aug 06  6875.7   20 16 52   18 27  19 38   5 57  7 08   15 54   2 15   .....   3 08    72  16 33.0 -17 59
Wed Aug 06/Thu Aug 07  6876.7   20 20 49   18 28  19 38   5 57  7 07   15 58   2 18   .....   4 07    81  17 33.0 -18 39
Thu Aug 07/Fri Aug 08  6877.7   20 24 46   18 28  19 38   5 56  7 06   16 02   2 22   .....   5 05    90  18 35.1 -18 05
Fri Aug 08/Sat Aug 09  6878.7   20 28 42   18 28  19 39   5 55  7 06   16 07   2 25   16 12   6 01    96  19 38.1 -16 13
Sat Aug 09/Sun Aug 10  6879.7   20 32 39   18 29  19 39   5 55  7 05   16 11   2 28   17 18   6 54    99  20 40.6 -13 09
Sun Aug 10/Mon Aug 11  6880.7   20 36 35   18 29  19 39   5 54  7 04   16 15   2 32   18 25   7 43   100  21 41.8 - 9 08
Mon Aug 11/Tue Aug 12  6881.7   20 40 32   18 30  19 40   5 54  7 03   16 19   2 35   19 32  .....    97  22 41.2 - 4 30
Tue Aug 12/Wed Aug 13  6882.7   20 44 28   18 30  19 40   5 53  7 03   16 24   2 38   20 36  .....    91  23 38.7   0 19
Wed Aug 13/Thu Aug 14  6883.7   20 48 25   18 31  19 40   5 52  7 02   16 28   2 42   21 39  .....    83   0 34.6   5 01
Thu Aug 14/Fri Aug 15  6884.7   20 52 21   18 31  19 41   5 52  7 01   16 32   2 45   22 40  .....    74   1 29.3   9 16
Fri Aug 15/Sat Aug 16  6885.7   20 56 18   18 31  19 41   5 51  7 00   16 36   2 48   23 39  .....    63   2 23.2  12 53
Sat Aug 16/Sun Aug 17  6886.7   21 00 15   18 32  19 41   5 50  6 59   16 41   2 51    0 36  .....    53   3 16.5  15 42
Sun Aug 17/Mon Aug 18  6887.7   21 04 11   18 32  19 42   5 49  6 59   16 45   2 54    1 31  .....    43   4 09.2  17 40
Mon Aug 18/Tue Aug 19  6888.7   21 08 08   18 33  19 42   5 49  6 58   16 49   2 58    2 23  .....    33   5 01.3  18 44
Tue Aug 19/Wed Aug 20  6889.7   21 12 04   18 33  19 42   5 48  6 57   16 54   3 01    3 12  .....    24   5 52.6  18 55
Wed Aug 20/Thu Aug 21  6890.7   21 16 01   18 33  19 42   5 47  6 56   16 58   3 04    3 59  .....    17   6 42.8  18 15
Thu Aug 21/Fri Aug 22  6891.7   21 19 57   18 34  19 43   5 46  6 55   17 02   3 07    4 43  .....    10   7 31.8  16 48
Fri Aug 22/Sat Aug 23  6892.7   21 23 54   18 34  19 43   5 45  6 54   17 06   3 10    5 24  .....     5   8 19.6  14 41
Sat Aug 23/Sun Aug 24  6893.7   21 27 50   18 34  19 43   5 44  6 53   17 11   3 13    6 02  17 09     2   9 06.2  11 59
Sun Aug 24/Mon Aug 25  6894.7   21 31 47   18 35  19 44   5 44  6 52   17 15   3 16    6 39  18 00     0   9 51.9   8 49
Mon Aug 25/Tue Aug 26  6895.7   21 35 44   18 35  19 44   5 43  6 52   17 19   3 19    7 15  18 49     0  10 36.9   5 19
Tue Aug 26/Wed Aug 27  6896.7   21 39 40   18 35  19 44   5 42  6 51   17 23   3 22   .....  19 39     2  11 21.8   1 37
Wed Aug 27/Thu Aug 28  6897.7   21 43 37   18 36  19 45   5 41  6 50   17 28   3 26   .....  20 30     6  12 06.9 - 2 11
Thu Aug 28/Fri Aug 29  6898.7   21 47 33   18 36  19 45   5 40  6 49   17 32   3 29   .....  21 21    11  12 52.8 - 5 56
Fri Aug 29/Sat Aug 30  6899.7   21 51 30   18 37  19 45   5 39  6 48   17 36   3 32   .....  22 13    18  13 40.1 - 9 29
Sat Aug 30/Sun Aug 31  6900.7   21 55 26   18 37  19 46   5 38  6 47   17 40   3 35   .....  23 07    26  14 29.4 -12 40
Sun Aug 31/Mon Sep 01  6901.7   21 59 23   18 37  19 46   5 37  6 46   17 45   3 38   .....   0 02    36  15 21.0 -15 19
