  Date (eve/morn)      JDmid    LMSTmidn   ---------- Sun: ---------   LST twilight:  ------------- Moon: --------------
  (2013 at start)    (-2450000)            set  twi.end twi.beg rise    eve    morn    rise   set  %illum   RA      Dec
Mon Jul 01/Tue Jul 02  6475.7   17 59 50   18 13  19 26   6 05  7 19   13 25   0 06    2 26  .....    30   2 05.4  13 53
Tue Jul 02/Wed Jul 03  6476.7   18 03 47   18 13  19 26   6 05  7 19   13 29   0 10    3 19  .....    22   2 54.1  16 39
Wed Jul 03/Thu Jul 04  6477.7   18 07 43   18 13  19 26   6 06  7 19   13 33   0 14    4 10  .....    14   3 43.3  18 41
Thu Jul 04/Fri Jul 05  6478.7   18 11 40   18 14  19 27   6 06  7 19   13 38   0 18    5 00  .....     8   4 32.9  19 53
Fri Jul 05/Sat Jul 06  6479.7   18 15 37   18 14  19 27   6 06  7 19   13 42   0 22    5 49  16 20     4   5 22.6  20 15
Sat Jul 06/Sun Jul 07  6480.7   18 19 33   18 14  19 27   6 06  7 18   13 46   0 26    6 35  17 09     1   6 12.2  19 44
Sun Jul 07/Mon Jul 08  6481.7   18 23 30   18 15  19 28   6 06  7 18   13 50   0 30    7 18  17 59     0   7 01.2  18 23
Mon Jul 08/Tue Jul 09  6482.7   18 27 26   18 15  19 28   6 06  7 18   13 55   0 34    8 00  18 49     1   7 49.5  16 16
Tue Jul 09/Wed Jul 10  6483.7   18 31 23   18 16  19 28   6 05  7 18   13 59   0 38   .....  19 41     3   8 37.0  13 27
Wed Jul 10/Thu Jul 11  6484.7   18 35 19   18 16  19 29   6 05  7 18   14 03   0 42   .....  20 32     7   9 23.7  10 05
Thu Jul 11/Fri Jul 12  6485.7   18 39 16   18 16  19 29   6 05  7 18   14 08   0 46   .....  21 24    13  10 10.1   6 16
Fri Jul 12/Sat Jul 13  6486.7   18 43 12   18 17  19 29   6 05  7 18   14 12   0 49   .....  22 16    20  10 56.5   2 08
Sat Jul 13/Sun Jul 14  6487.7   18 47 09   18 17  19 30   6 05  7 17   14 16   0 53   .....  23 10    29  11 43.7 - 2 10
Sun Jul 14/Mon Jul 15  6488.7   18 51 06   18 18  19 30   6 05  7 17   14 20   0 57   .....   0 04    39  12 32.4 - 6 29
Mon Jul 15/Tue Jul 16  6489.7   18 55 02   18 18  19 30   6 05  7 17   14 25   1 01   .....   1 01    49  13 23.3 -10 36
Tue Jul 16/Wed Jul 17  6490.7   18 58 59   18 19  19 31   6 05  7 17   14 29   1 05   .....   2 01    60  14 17.3 -14 18
Wed Jul 17/Thu Jul 18  6491.7   19 02 55   18 19  19 31   6 04  7 16   14 33   1 08   .....   3 03    71  15 14.7 -17 18
Thu Jul 18/Fri Jul 19  6492.7   19 06 52   18 19  19 32   6 04  7 16   14 38   1 12   .....   4 06    81  16 15.6 -19 17
Fri Jul 19/Sat Jul 20  6493.7   19 10 48   18 20  19 32   6 04  7 16   14 42   1 16   .....   5 09    90  17 19.2 -19 59
Sat Jul 20/Sun Jul 21  6494.7   19 14 45   18 20  19 32   6 04  7 16   14 46   1 19   16 06   6 08    96  18 24.0 -19 14
Sun Jul 21/Mon Jul 22  6495.7   19 18 41   18 21  19 33   6 03  7 15   14 51   1 23   17 12   7 04    99  19 28.3 -17 04
Mon Jul 22/Tue Jul 23  6496.7   19 22 38   18 21  19 33   6 03  7 15   14 55   1 27   18 19   7 55   100  20 30.5 -13 41
Tue Jul 23/Wed Jul 24  6497.7   19 26 35   18 22  19 33   6 03  7 14   14 59   1 30   19 25  .....    97  21 29.8 - 9 26
Wed Jul 24/Thu Jul 25  6498.7   19 30 31   18 22  19 34   6 02  7 14   15 03   1 34   20 28  .....    91  22 26.1 - 4 42
Thu Jul 25/Fri Jul 26  6499.7   19 34 28   18 23  19 34   6 02  7 14   15 08   1 38   21 29  .....    84  23 19.8   0 09
Fri Jul 26/Sat Jul 27  6500.7   19 38 24   18 23  19 34   6 02  7 13   15 12   1 41   22 28  .....    75   0 11.6   4 49
Sat Jul 27/Sun Jul 28  6501.7   19 42 21   18 23  19 35   6 01  7 13   15 16   1 45   23 24  .....    65   1 02.1   9 06
Sun Jul 28/Mon Jul 29  6502.7   19 46 17   18 24  19 35   6 01  7 12   15 21   1 48    0 19  .....    55   1 52.0  12 48
Mon Jul 29/Tue Jul 30  6503.7   19 50 14   18 24  19 35   6 01  7 12   15 25   1 52    1 13  .....    45   2 41.6  15 50
Tue Jul 30/Wed Jul 31  6504.7   19 54 10   18 25  19 36   6 00  7 11   15 29   1 55    2 05  .....    36   3 31.3  18 07
Wed Jul 31/Thu Aug 01  6505.7   19 58 07   18 25  19 36   6 00  7 10   15 33   1 59    2 56  .....    27   4 21.2  19 34
