  Date (eve/morn)      JDmid    LMSTmidn   ---------- Sun: ---------   LST twilight:  ------------- Moon: --------------
  (2017 at start)    (-2450000)            set  twi.end twi.beg rise    eve    morn    rise   set  %illum   RA      Dec
Sun Oct 01/Mon Oct 02  8028.7    0 02 41   18 48  19 58   5 04  6 13   20 00   5 07   .....   4 24    85  21 45.1 -13 15
Mon Oct 02/Tue Oct 03  8029.7    0 06 37   18 49  19 58   5 03  6 12   20 04   5 10   .....   5 05    92  22 36.6 - 9 43
Tue Oct 03/Wed Oct 04  8030.7    0 10 34   18 49  19 59   5 02  6 11   20 09   5 13   .....   5 46    97  23 28.5 - 5 35
Wed Oct 04/Thu Oct 05  8031.7    0 14 30   18 50  19 59   5 01  6 10   20 13   5 16   17 42   6 26    99   0 20.9 - 1 01
Thu Oct 05/Fri Oct 06  8032.7    0 18 27   18 50  20 00   4 59  6 09   20 17   5 19   18 42   7 08   100   1 14.4   3 43
Fri Oct 06/Sat Oct 07  8033.7    0 22 24   18 51  20 00   4 58  6 08   20 22   5 22   19 42  .....    97   2 09.2   8 21
Sat Oct 07/Sun Oct 08* 8034.7    0 26 20   18 51  20 01   5 57  7 07   20 26   5 24   20 45  .....    92   3 05.9  12 34
Sun Oct 08/Mon Oct 09  8035.6   23 30 07   19 51  21 01   5 56  7 06   20 31   5 27   22 48  .....    85   4 02.3  15 51
Mon Oct 09/Tue Oct 10  8036.6   23 34 03   19 52  21 02   5 55  7 05   20 35   5 30   23 51  .....    76   5 01.9  18 22
Tue Oct 10/Wed Oct 11  8037.6   23 38 00   19 52  21 02   5 54  7 04   20 40   5 33    0 53  .....    65   6 02.2  19 43
Wed Oct 11/Thu Oct 12  8038.6   23 41 57   19 53  21 03   5 53  7 03   20 44   5 36    1 51  .....    54   7 02.3  19 49
Thu Oct 12/Fri Oct 13  8039.6   23 45 53   19 53  21 04   5 52  7 02   20 49   5 39    2 46  .....    43   8 01.1  18 43
Fri Oct 13/Sat Oct 14  8040.6   23 49 50   19 54  21 04   5 51  7 01   20 54   5 42    3 37  .....    32   8 58.0  16 33
Sat Oct 14/Sun Oct 15  8041.6   23 53 46   19 54  21 05   5 50  7 00   20 58   5 44    4 23  .....    22   9 52.6  13 31
Sun Oct 15/Mon Oct 16  8042.6   23 57 43   19 55  21 05   5 49  6 59   21 03   5 47    5 06  .....    14  10 44.8   9 51
Mon Oct 16/Tue Oct 17  8043.6    0 01 39   19 55  21 06   5 48  6 58   21 07   5 50    5 45  17 14     8  11 35.1   5 46
Tue Oct 17/Wed Oct 18  8044.6    0 05 36   19 56  21 07   5 47  6 58   21 12   5 53    6 24  18 10     3  12 24.0   1 30
Wed Oct 18/Thu Oct 19  8045.6    0 09 32   19 56  21 07   5 45  6 57   21 16   5 56   .....  19 05     1  13 11.9 - 2 46
Thu Oct 19/Fri Oct 20  8046.6    0 13 29   19 57  21 08   5 44  6 56   21 21   5 59   .....  19 59     0  13 59.4 - 6 50
Fri Oct 20/Sat Oct 21  8047.6    0 17 26   19 57  21 09   5 43  6 55   21 26   6 02   .....  20 52     2  14 47.0 -10 33
Sat Oct 21/Sun Oct 22  8048.6    0 21 22   19 58  21 09   5 42  6 54   21 30   6 05   .....  21 45     5  15 34.9 -13 45
Sun Oct 22/Mon Oct 23  8049.6    0 25 19   19 58  21 10   5 41  6 53   21 35   6 08   .....  22 37    10  16 23.5 -16 19
Mon Oct 23/Tue Oct 24  8050.6    0 29 15   19 59  21 11   5 40  6 52   21 40   6 11   .....  23 28    17  17 12.7 -18 09
Tue Oct 24/Wed Oct 25  8051.6    0 33 12   19 59  21 12   5 39  6 52   21 44   6 14   .....   0 18    24  18 02.4 -19 11
Wed Oct 25/Thu Oct 26  8052.6    0 37 08   20 00  21 12   5 39  6 51   21 49   6 17   .....   1 06    33  18 52.6 -19 21
Thu Oct 26/Fri Oct 27  8053.6    0 41 05   20 01  21 13   5 38  6 50   21 54   6 20   .....   1 52    42  19 42.9 -18 39
Fri Oct 27/Sat Oct 28  8054.6    0 45 01   20 01  21 14   5 37  6 49   21 58   6 23   .....   2 36    51  20 33.3 -17 04
Sat Oct 28/Sun Oct 29  8055.6    0 48 58   20 02  21 15   5 36  6 49   22 03   6 26   .....   3 18    61  21 23.6 -14 40
Sun Oct 29/Mon Oct 30  8056.6    0 52 55   20 02  21 15   5 35  6 48   22 08   6 29   .....   3 59    71  22 14.0 -11 29
Mon Oct 30/Tue Oct 31  8057.6    0 56 51   20 03  21 16   5 34  6 47   22 13   6 32   .....   4 38    80  23 04.7 - 7 38
Tue Oct 31/Wed Nov 01  8058.6    1 00 48   20 04  21 17   5 33  6 46   22 17   6 35   .....   5 18    88  23 56.2 - 3 16
