  Date (eve/morn)      JDmid    LMSTmidn   ---------- Sun: ---------   LST twilight:  ------------- Moon: --------------
  (2012 at start)    (-2450000)            set  twi.end twi.beg rise    eve    morn    rise   set  %illum   RA      Dec
Sat Dec 01/Sun Dec 02  6263.6    3 03 51   20 26  21 45   5 17  6 36    0 48   8 22   22 38  .....    89   7 20.6  18 30
Sun Dec 02/Mon Dec 03  6264.6    3 07 47   20 26  21 46   5 17  6 36    0 53   8 26   23 20  .....    82   8 10.0  15 48
Mon Dec 03/Tue Dec 04  6265.6    3 11 44   20 27  21 47   5 17  6 37    0 58   8 30   23 59  .....    74   8 58.6  12 25
Tue Dec 04/Wed Dec 05  6266.6    3 15 40   20 28  21 47   5 17  6 37    1 03   8 33    0 37  .....    65   9 46.6   8 29
Wed Dec 05/Thu Dec 06  6267.6    3 19 37   20 28  21 48   5 17  6 37    1 08   8 37    1 14  .....    55  10 34.6   4 07
Thu Dec 06/Fri Dec 07  6268.6    3 23 34   20 29  21 49   5 17  6 37    1 12   8 41    1 51  .....    44  11 23.4 - 0 31
Fri Dec 07/Sat Dec 08  6269.6    3 27 30   20 30  21 50   5 17  6 37    1 17   8 45    2 31  .....    34  12 13.7 - 5 13
Sat Dec 08/Sun Dec 09  6270.6    3 31 27   20 31  21 51   5 17  6 37    1 22   8 50    3 13  .....    24  13 06.4 - 9 46
Sun Dec 09/Mon Dec 10  6271.6    3 35 23   20 31  21 51   5 17  6 38    1 26   8 54    3 59  .....    15  14 02.2 -13 52
Mon Dec 10/Tue Dec 11  6272.6    3 39 20   20 32  21 52   5 18  6 38    1 31   8 58    4 51  17 46     7  15 01.4 -17 12
Tue Dec 11/Wed Dec 12  6273.6    3 43 16   20 32  21 53   5 18  6 38    1 36   9 02    5 49  18 53     2  16 03.7 -19 25
Wed Dec 12/Thu Dec 13  6274.6    3 47 13   20 33  21 54   5 18  6 38    1 40   9 06   .....  19 59     0  17 07.8 -20 14
Thu Dec 13/Fri Dec 14  6275.6    3 51 09   20 34  21 54   5 18  6 39    1 45   9 10   .....  21 02     1  18 11.9 -19 33
Fri Dec 14/Sat Dec 15  6276.6    3 55 06   20 34  21 55   5 19  6 39    1 50   9 15   .....  21 59     5  19 14.3 -17 29
Sat Dec 15/Sun Dec 16  6277.6    3 59 03   20 35  21 56   5 19  6 40    1 54   9 19   .....  22 50    11  20 13.6 -14 16
Sun Dec 16/Mon Dec 17  6278.6    4 02 59   20 36  21 56   5 19  6 40    1 59   9 23   .....  23 36    19  21 09.5 -10 15
Mon Dec 17/Tue Dec 18  6279.6    4 06 56   20 36  21 57   5 20  6 40    2 03   9 27   .....   0 17    28  22 02.1 - 5 46
Tue Dec 18/Wed Dec 19  6280.6    4 10 52   20 37  21 57   5 20  6 41    2 08   9 32   .....   0 56    38  22 52.2 - 1 07
Wed Dec 19/Thu Dec 20  6281.6    4 14 49   20 37  21 58   5 21  6 41    2 12   9 36   .....   1 32    49  23 40.6   3 29
Thu Dec 20/Fri Dec 21  6282.6    4 18 45   20 38  21 58   5 21  6 42    2 17   9 41   .....   2 09    59   0 28.1   7 51
Fri Dec 21/Sat Dec 22  6283.6    4 22 42   20 38  21 59   5 22  6 42    2 21   9 45   .....   2 45    68   1 15.5  11 50
Sat Dec 22/Sun Dec 23  6284.6    4 26 38   20 39  21 59   5 22  6 43    2 26   9 50   .....   3 24    77   2 03.4  15 17
Sun Dec 23/Mon Dec 24  6285.6    4 30 35   20 39  22 00   5 23  6 43    2 30   9 54   .....   4 04    84   2 52.2  18 05
Mon Dec 24/Tue Dec 25  6286.6    4 34 32   20 40  22 00   5 23  6 44    2 34   9 59   .....   4 47    91   3 42.1  20 07
Tue Dec 25/Wed Dec 26  6287.6    4 38 28   20 40  22 01   5 24  6 45    2 39  10 03   18 15   5 33    95   4 32.9  21 18
Wed Dec 26/Thu Dec 27  6288.6    4 42 25   20 40  22 01   5 24  6 45    2 43  10 08   19 05   6 21    98   5 24.4  21 33
Thu Dec 27/Fri Dec 28  6289.6    4 46 21   20 41  22 01   5 25  6 46    2 47  10 12   19 52  .....   100   6 15.9  20 50
Fri Dec 28/Sat Dec 29  6290.6    4 50 18   20 41  22 02   5 26  6 46    2 52  10 17   20 37  .....    99   7 07.0  19 12
Sat Dec 29/Sun Dec 30  6291.6    4 54 14   20 41  22 02   5 27  6 47    2 56  10 22   21 19  .....    97   7 57.3  16 42
Sun Dec 30/Mon Dec 31  6292.6    4 58 11   20 42  22 02   5 27  6 48    3 00  10 26   22 00  .....    93   8 46.7  13 28
Mon Dec 31/Tue Jan 01  6293.6    5 02 07   20 42  22 02   5 28  6 48    3 04  10 31   22 38  .....    87   9 35.2   9 38
