  Date (eve/morn)      JDmid    LMSTmidn   ---------- Sun: ---------   LST twilight:  ------------- Moon: --------------
  (2015 at start)    (-2450000)            set  twi.end twi.beg rise    eve    morn    rise   set  %illum   RA      Dec
Mon Jun 01/Tue Jun 02  7175.7   15 59 39   18 08  19 21   5 58  7 11   11 20  21 59   17 24   7 11   100  16 16.0 -16 50
Tue Jun 02/Wed Jun 03  7176.7   16 03 36   18 08  19 21   5 58  7 11   11 24  22 03   18 13  .....   100  17 11.9 -18 03
Wed Jun 03/Thu Jun 04  7177.7   16 07 32   18 08  19 21   5 59  7 12   11 28  22 07   19 07  .....    97  18 09.4 -18 15
Thu Jun 04/Fri Jun 05  7178.7   16 11 29   18 08  19 21   5 59  7 12   11 32  22 12   20 04  .....    92  19 07.5 -17 22
Fri Jun 05/Sat Jun 06  7179.7   16 15 25   18 08  19 21   5 59  7 12   11 36  22 16   21 03  .....    85  20 05.3 -15 25
Sat Jun 06/Sun Jun 07  7180.7   16 19 22   18 08  19 21   6 00  7 13   11 40  22 20   22 04  .....    76  21 02.2 -12 32
Sun Jun 07/Mon Jun 08  7181.7   16 23 18   18 08  19 21   6 00  7 13   11 44  22 24   23 05  .....    66  21 57.8 - 8 54
Mon Jun 08/Tue Jun 09  7182.7   16 27 15   18 08  19 21   6 00  7 13   11 48  22 29    0 06  .....    55  22 52.4 - 4 46
Tue Jun 09/Wed Jun 10  7183.7   16 31 12   18 08  19 21   6 01  7 14   11 52  22 33    1 06  .....    43  23 46.2 - 0 21
Wed Jun 10/Thu Jun 11  7184.7   16 35 08   18 08  19 21   6 01  7 14   11 56  22 37    2 07  .....    32   0 39.7   4 04
Thu Jun 11/Fri Jun 12  7185.7   16 39 05   18 08  19 21   6 01  7 15   12 00  22 41    3 08  .....    22   1 33.6   8 15
Fri Jun 12/Sat Jun 13  7186.7   16 43 01   18 08  19 21   6 02  7 15   12 04  22 46    4 08  .....    14   2 28.1  11 58
Sat Jun 13/Sun Jun 14  7187.7   16 46 58   18 08  19 22   6 02  7 15   12 08  22 50    5 08  15 58     7   3 23.5  15 00
Sun Jun 14/Mon Jun 15  7188.7   16 50 54   18 08  19 22   6 02  7 16   12 12  22 54    6 08  16 48     3   4 19.4  17 10
Mon Jun 15/Tue Jun 16  7189.7   16 54 51   18 09  19 22   6 02  7 16   12 16  22 58    7 04  17 40     0   5 15.4  18 20
Tue Jun 16/Wed Jun 17  7190.7   16 58 47   18 09  19 22   6 03  7 16   12 20  23 03    7 58  18 33     1   6 10.9  18 31
Wed Jun 17/Thu Jun 18  7191.7   17 02 44   18 09  19 22   6 03  7 16   12 24  23 07   .....  19 28     3   7 04.9  17 43
Thu Jun 18/Fri Jun 19  7192.7   17 06 41   18 09  19 22   6 03  7 17   12 28  23 11   .....  20 22     7   7 57.2  16 04
Fri Jun 19/Sat Jun 20  7193.7   17 10 37   18 09  19 23   6 04  7 17   12 32  23 15   .....  21 16    13   8 47.4  13 42
Sat Jun 20/Sun Jun 21  7194.7   17 14 34   18 09  19 23   6 04  7 17   12 37  23 19   .....  22 08    20   9 35.6  10 47
Sun Jun 21/Mon Jun 22  7195.7   17 18 30   18 10  19 23   6 04  7 17   12 41  23 23   .....  22 59    28  10 22.2   7 28
Mon Jun 22/Tue Jun 23  7196.7   17 22 27   18 10  19 23   6 04  7 18   12 45  23 28   .....  23 49    37  11 07.7   3 53
Tue Jun 23/Wed Jun 24  7197.7   17 26 23   18 10  19 23   6 04  7 18   12 49  23 32   .....   0 38    46  11 52.8   0 10
Wed Jun 24/Thu Jun 25  7198.7   17 30 20   18 10  19 24   6 05  7 18   12 53  23 36   .....   1 28    56  12 38.0 - 3 34
Thu Jun 25/Fri Jun 26  7199.7   17 34 16   18 11  19 24   6 05  7 18   12 57  23 40   .....   2 19    65  13 24.2 - 7 13
Fri Jun 26/Sat Jun 27  7200.7   17 38 13   18 11  19 24   6 05  7 18   13 02  23 44   .....   3 10    74  14 12.1 -10 37
Sat Jun 27/Sun Jun 28  7201.7   17 42 10   18 11  19 24   6 05  7 18   13 06  23 48   .....   4 04    83  15 02.1 -13 37
Sun Jun 28/Mon Jun 29  7202.7   17 46 06   18 11  19 25   6 05  7 18   13 10  23 52   .....   4 59    90  15 54.7 -16 02
Mon Jun 29/Tue Jun 30  7203.7   17 50 03   18 12  19 25   6 05  7 18   13 14  23 56   16 04   5 55    95  16 49.9 -17 40
Tue Jun 30/Wed Jul 01  7204.7   17 53 59   18 12  19 25   6 05  7 18   13 19   0 00   16 56   6 51    99  17 47.4 -18 20
