  Date (eve/morn)      JDmid    LMSTmidn   ---------- Sun: ---------   LST twilight:  ------------- Moon: --------------
  (2016 at start)    (-2450000)            set  twi.end twi.beg rise    eve    morn    rise   set  %illum   RA      Dec
Fri Jul 01/Sat Jul 02  7571.7   18 00 55   18 13  19 26   6 05  7 19   13 26   0 07    5 13  .....     7   4 37.4  17 05
Sat Jul 02/Sun Jul 03  7572.7   18 04 52   18 13  19 26   6 06  7 19   13 30   0 11    6 15  16 47     2   5 36.9  18 26
Sun Jul 03/Mon Jul 04  7573.7   18 08 48   18 13  19 26   6 06  7 19   13 35   0 15    7 13  17 45     0   6 36.3  18 38
Mon Jul 04/Tue Jul 05  7574.7   18 12 45   18 14  19 27   6 06  7 19   13 39   0 19   .....  18 44     1   7 34.5  17 43
Tue Jul 05/Wed Jul 06  7575.7   18 16 41   18 14  19 27   6 06  7 18   13 43   0 23   .....  19 43     4   8 30.5  15 48
Wed Jul 06/Thu Jul 07  7576.7   18 20 38   18 15  19 27   6 06  7 18   13 47   0 27   .....  20 41     8   9 23.9  13 06
Thu Jul 07/Fri Jul 08  7577.7   18 24 34   18 15  19 28   6 06  7 18   13 52   0 31   .....  21 37    15  10 14.8   9 49
Fri Jul 08/Sat Jul 09  7578.7   18 28 31   18 15  19 28   6 06  7 18   13 56   0 35   .....  22 31    23  11 03.3   6 12
Sat Jul 09/Sun Jul 10  7579.7   18 32 27   18 16  19 28   6 05  7 18   14 00   0 39   .....  23 23    32  11 50.2   2 23
Sun Jul 10/Mon Jul 11  7580.7   18 36 24   18 16  19 29   6 05  7 18   14 04   0 43   .....   0 14    41  12 36.0 - 1 27
Mon Jul 11/Tue Jul 12  7581.7   18 40 21   18 17  19 29   6 05  7 18   14 09   0 47   .....   1 04    50  13 21.5 - 5 11
Tue Jul 12/Wed Jul 13  7582.7   18 44 17   18 17  19 30   6 05  7 18   14 13   0 50   .....   1 54    60  14 07.4 - 8 42
Wed Jul 13/Thu Jul 14  7583.7   18 48 14   18 17  19 30   6 05  7 17   14 17   0 54   .....   2 44    69  14 54.2 -11 52
Thu Jul 14/Fri Jul 15  7584.7   18 52 10   18 18  19 30   6 05  7 17   14 22   0 58   .....   3 35    78  15 42.4 -14 34
Fri Jul 15/Sat Jul 16  7585.7   18 56 07   18 18  19 31   6 05  7 17   14 26   1 02   .....   4 27    85  16 32.5 -16 40
Sat Jul 16/Sun Jul 17  7586.7   19 00 03   18 19  19 31   6 05  7 17   14 30   1 06   .....   5 19    92  17 24.5 -18 00
Sun Jul 17/Mon Jul 18  7587.7   19 04 00   18 19  19 31   6 04  7 16   14 35   1 09   16 16   6 10    96  18 18.1 -18 28
Mon Jul 18/Tue Jul 19  7588.7   19 07 56   18 20  19 32   6 04  7 16   14 39   1 13   17 08   7 01    99  19 12.9 -17 58
Tue Jul 19/Wed Jul 20  7589.7   19 11 53   18 20  19 32   6 04  7 16   14 43   1 17   18 04   7 49   100  20 08.4 -16 29
Wed Jul 20/Thu Jul 21  7590.7   19 15 50   18 20  19 32   6 04  7 15   14 47   1 20   19 01  .....    98  21 03.8 -14 03
Thu Jul 21/Fri Jul 22  7591.7   19 19 46   18 21  19 33   6 03  7 15   14 52   1 24   20 00  .....    94  21 58.6 -10 47
Fri Jul 22/Sat Jul 23  7592.7   19 23 43   18 21  19 33   6 03  7 15   14 56   1 28   20 59  .....    88  22 52.9 - 6 52
Sat Jul 23/Sun Jul 24  7593.7   19 27 39   18 22  19 33   6 03  7 14   15 00   1 31   21 59  .....    79  23 46.6 - 2 33
Sun Jul 24/Mon Jul 25  7594.7   19 31 36   18 22  19 34   6 02  7 14   15 05   1 35   22 59  .....    69   0 40.2   1 56
Mon Jul 25/Tue Jul 26  7595.7   19 35 32   18 23  19 34   6 02  7 13   15 09   1 39   23 59  .....    58   1 34.2   6 19
Tue Jul 26/Wed Jul 27  7596.7   19 39 29   18 23  19 34   6 02  7 13   15 13   1 42    1 00  .....    47   2 29.0  10 21
Wed Jul 27/Thu Jul 28  7597.7   19 43 25   18 24  19 35   6 01  7 12   15 17   1 46    2 02  .....    36   3 25.0  13 48
Thu Jul 28/Fri Jul 29  7598.7   19 47 22   18 24  19 35   6 01  7 12   15 22   1 49    3 03  .....    25   4 22.1  16 26
Fri Jul 29/Sat Jul 30  7599.7   19 51 19   18 24  19 35   6 00  7 11   15 26   1 53    4 03  .....    16   5 20.1  18 05
Sat Jul 30/Sun Jul 31  7600.7   19 55 15   18 25  19 36   6 00  7 11   15 30   1 56    5 01  .....     9   6 18.4  18 39
Sun Jul 31/Mon Aug 01  7601.7   19 59 12   18 25  19 36   6 00  7 10   15 35   2 00    5 56  16 31     4   7 15.9  18 07
