  Date (eve/morn)      JDmid    LMSTmidn   ---------- Sun: ---------   LST twilight:  ------------- Moon: --------------
  (2022 at start)    (-2450000)            set  twi.end twi.beg rise    eve    morn    rise   set  %illum   RA      Dec
Mon Aug 01/Tue Aug 02  9793.7   20 01 21   18 26  19 36   5 59  7 10   15 37   2 02   .....  22 01    17  12 02.9   3 50
Tue Aug 02/Wed Aug 03  9794.7   20 05 18   18 26  19 37   5 59  7 09   15 41   2 05   .....  22 55    26  12 48.1 - 1 55
Wed Aug 03/Thu Aug 04  9795.7   20 09 14   18 26  19 37   5 58  7 09   15 46   2 08   .....  23 50    35  13 34.8 - 7 43
Thu Aug 04/Fri Aug 05  9796.7   20 13 11   18 27  19 37   5 58  7 08   15 50   2 12   .....   0 49    46  14 24.0 -13 21
Fri Aug 05/Sat Aug 06  9797.7   20 17 07   18 27  19 38   5 57  7 08   15 54   2 15   .....   1 51    57  15 17.0 -18 30
Sat Aug 06/Sun Aug 07  9798.7   20 21 04   18 28  19 38   5 57  7 07   15 58   2 19   .....   2 57    68  16 14.7 -22 47
Sun Aug 07/Mon Aug 08  9799.7   20 25 00   18 28  19 38   5 56  7 06   16 03   2 22   .....   4 05    78  17 17.3 -25 45
Mon Aug 08/Tue Aug 09  9800.7   20 28 57   18 29  19 39   5 55  7 06   16 07   2 25   .....   5 12    88  18 23.8 -27 00
Tue Aug 09/Wed Aug 10  9801.7   20 32 53   18 29  19 39   5 55  7 05   16 11   2 29   .....   6 14    94  19 31.6 -26 15
Wed Aug 10/Thu Aug 11  9802.7   20 36 50   18 29  19 39   5 54  7 04   16 15   2 32   16 47   7 10    99  20 38.0 -23 32
Thu Aug 11/Fri Aug 12  9803.7   20 40 47   18 30  19 40   5 54  7 03   16 20   2 35   17 58  .....   100  21 40.8 -19 10
Fri Aug 12/Sat Aug 13  9804.7   20 44 43   18 30  19 40   5 53  7 03   16 24   2 39   19 07  .....    98  22 39.0 -13 38
Sat Aug 13/Sun Aug 14  9805.7   20 48 40   18 31  19 40   5 52  7 02   16 28   2 42   20 11  .....    93  23 33.0 - 7 27
Sun Aug 14/Mon Aug 15  9806.7   20 52 36   18 31  19 41   5 51  7 01   16 33   2 45   21 12  .....    87   0 23.8 - 1 05
Mon Aug 15/Tue Aug 16  9807.7   20 56 33   18 31  19 41   5 51  7 00   16 37   2 48   22 11  .....    78   1 12.5   5 07
Tue Aug 16/Wed Aug 17  9808.7   21 00 29   18 32  19 41   5 50  6 59   16 41   2 51   23 07  .....    69   2 00.4  10 53
Wed Aug 17/Thu Aug 18  9809.7   21 04 26   18 32  19 42   5 49  6 59   16 45   2 55    0 03  .....    59   2 48.3  15 59
Thu Aug 18/Fri Aug 19  9810.7   21 08 22   18 33  19 42   5 49  6 58   16 50   2 58    0 58  .....    49   3 37.1  20 18
Fri Aug 19/Sat Aug 20  9811.7   21 12 19   18 33  19 42   5 48  6 57   16 54   3 01    1 54  .....    40   4 27.0  23 39
Sat Aug 20/Sun Aug 21  9812.7   21 16 16   18 33  19 42   5 47  6 56   16 58   3 04    2 48  .....    31   5 18.3  25 56
Sun Aug 21/Mon Aug 22  9813.7   21 20 12   18 34  19 43   5 46  6 55   17 02   3 07    3 41  .....    23   6 10.5  27 03
Mon Aug 22/Tue Aug 23  9814.7   21 24 09   18 34  19 43   5 45  6 54   17 07   3 10    4 31  .....    15   7 03.0  26 57
Tue Aug 23/Wed Aug 24  9815.7   21 28 05   18 34  19 43   5 44  6 53   17 11   3 13    5 18  .....     9   7 54.9  25 39
Wed Aug 24/Thu Aug 25  9816.7   21 32 02   18 35  19 44   5 44  6 52   17 15   3 17    6 00  .....     5   8 45.6  23 13
Thu Aug 25/Fri Aug 26  9817.7   21 35 58   18 35  19 44   5 43  6 52   17 19   3 20    6 39  17 13     2   9 34.6  19 46
Fri Aug 26/Sat Aug 27  9818.7   21 39 55   18 36  19 44   5 42  6 51   17 24   3 23    7 14  18 08     0  10 21.9  15 28
Sat Aug 27/Sun Aug 28  9819.7   21 43 51   18 36  19 45   5 41  6 50   17 28   3 26   .....  19 02     1  11 07.9  10 29
Sun Aug 28/Mon Aug 29  9820.7   21 47 48   18 36  19 45   5 40  6 49   17 32   3 29   .....  19 56     3  11 53.1   5 01
Mon Aug 29/Tue Aug 30  9821.7   21 51 45   18 37  19 45   5 39  6 48   17 36   3 32   .....  20 51     8  12 38.3 - 0 45
Tue Aug 30/Wed Aug 31  9822.7   21 55 41   18 37  19 46   5 38  6 47   17 41   3 35   .....  21 46    14  13 24.5 - 6 35
Wed Aug 31/Thu Sep 01  9823.7   21 59 38   18 37  19 46   5 37  6 46   17 45   3 38   .....  22 44    22  14 12.6 -12 15
