  Date (eve/morn)      JDmid    LMSTmidn   ---------- Sun: ---------   LST twilight:  ------------- Moon: --------------
  (2013 at start)    (-2450000)            set  twi.end twi.beg rise    eve    morn    rise   set  %illum   RA      Dec
Fri Feb 01/Sat Feb 02  6325.6    7 08 17   20 39  21 54   5 57  7 12    5 02  13 07   23 51  .....    65  13 32.3 -11 22
Sat Feb 02/Sun Feb 03  6326.6    7 12 14   20 38  21 53   5 58  7 13    5 05  13 11    0 36  .....    55  14 26.7 -15 01
Sun Feb 03/Mon Feb 04  6327.6    7 16 10   20 38  21 52   5 59  7 14    5 08  13 16    1 25  .....    43  15 23.6 -17 50
Mon Feb 04/Tue Feb 05  6328.6    7 20 07   20 37  21 51   6 00  7 14    5 11  13 21    2 19  .....    32  16 22.8 -19 34
Tue Feb 05/Wed Feb 06  6329.6    7 24 03   20 37  21 51   6 01  7 15    5 14  13 26    3 19  .....    22  17 23.5 -20 02
Wed Feb 06/Thu Feb 07  6330.6    7 28 00   20 36  21 50   6 02  7 16    5 18  13 31    4 21  17 25    13  18 24.4 -19 11
Thu Feb 07/Fri Feb 08  6331.6    7 31 57   20 35  21 49   6 03  7 16    5 21  13 36    5 26  18 21     7  19 24.5 -17 03
Fri Feb 08/Sat Feb 09  6332.6    7 35 53   20 35  21 48   6 04  7 17    5 24  13 40    6 30  19 12     2  20 22.6 -13 50
Sat Feb 09/Sun Feb 10  6333.6    7 39 50   20 34  21 47   6 04  7 18    5 27  13 45   .....  19 59     0  21 18.4 - 9 47
Sun Feb 10/Mon Feb 11  6334.6    7 43 46   20 33  21 47   6 05  7 18    5 30  13 50   .....  20 42     1  22 11.8 - 5 15
Mon Feb 11/Tue Feb 12  6335.6    7 47 43   20 33  21 46   6 06  7 19    5 33  13 55   .....  21 22     4  23 03.2 - 0 31
Tue Feb 12/Wed Feb 13  6336.6    7 51 39   20 32  21 45   6 07  7 20    5 36  14 00   .....  22 01     9  23 53.1   4 09
Wed Feb 13/Thu Feb 14  6337.6    7 55 36   20 31  21 44   6 08  7 20    5 39  14 04   .....  22 40    16   0 42.3   8 32
Thu Feb 14/Fri Feb 15  6338.6    7 59 32   20 31  21 43   6 09  7 21    5 42  14 09   .....  23 18    24   1 31.1  12 27
Fri Feb 15/Sat Feb 16  6339.6    8 03 29   20 30  21 42   6 09  7 22    5 45  14 14   .....  23 58    33   2 20.1  15 45
Sat Feb 16/Sun Feb 17  6340.6    8 07 26   20 29  21 41   6 10  7 22    5 48  14 19   .....   0 40    43   3 09.6  18 21
Sun Feb 17/Mon Feb 18  6341.6    8 11 22   20 28  21 40   6 11  7 23    5 51  14 23   .....   1 24    52   3 59.7  20 07
Mon Feb 18/Tue Feb 19  6342.6    8 15 19   20 28  21 39   6 12  7 24    5 54  14 28   .....   2 10    61   4 50.3  21 02
Tue Feb 19/Wed Feb 20  6343.6    8 19 15   20 27  21 38   6 13  7 24    5 57  14 33   .....   2 58    70   5 41.4  21 01
Wed Feb 20/Thu Feb 21  6344.6    8 23 12   20 26  21 37   6 13  7 25    6 00  14 38   .....   3 49    79   6 32.6  20 05
Thu Feb 21/Fri Feb 22  6345.6    8 27 08   20 25  21 36   6 14  7 25    6 03  14 42   17 12   4 41    86   7 23.6  18 14
Fri Feb 22/Sat Feb 23  6346.6    8 31 05   20 24  21 35   6 15  7 26    6 06  14 47   17 54   5 35    92   8 14.3  15 32
Sat Feb 23/Sun Feb 24  6347.6    8 35 01   20 24  21 34   6 15  7 26    6 09  14 52   18 35   6 29    97   9 04.5  12 05
Sun Feb 24/Mon Feb 25  6348.6    8 38 58   20 23  21 33   6 16  7 27    6 12  14 56   19 14  .....    99   9 54.5   8 02
Mon Feb 25/Tue Feb 26  6349.6    8 42 55   20 22  21 32   6 17  7 28    6 15  15 01   19 52  .....   100  10 44.5   3 33
Tue Feb 26/Wed Feb 27  6350.6    8 46 51   20 21  21 31   6 18  7 28    6 18  15 05   20 31  .....    98  11 35.1 - 1 10
Wed Feb 27/Thu Feb 28  6351.6    8 50 48   20 20  21 30   6 18  7 29    6 21  15 10   21 10  .....    94  12 26.6 - 5 51
Thu Feb 28/Fri Mar 01  6352.6    8 54 44   20 19  21 29   6 19  7 29    6 24  15 15   21 51  .....    87  13 19.7 -10 16
