  Date (eve/morn)      JDmid    LMSTmidn   ---------- Sun: ---------   LST twilight:  ------------- Moon: --------------
  (2012 at start)    (-2450000)            set  twi.end twi.beg rise    eve    morn    rise   set  %illum   RA      Dec
Sat Sep 01/Sun Sep 02  6172.7   22 05 14   18 38  19 46   5 36  6 44   17 51   3 42   19 35  .....    97  23 51.4   4 06
Sun Sep 02/Mon Sep 03  6173.7   22 09 11   18 38  19 47   5 35  6 43   17 55   3 45   20 29  .....    93   0 39.4   8 32
Mon Sep 03/Tue Sep 04  6174.7   22 13 07   18 39  19 47   5 34  6 42   17 59   3 48   21 21  .....    87   1 27.4  12 32
Tue Sep 04/Wed Sep 05  6175.7   22 17 04   18 39  19 47   5 33  6 41   18 04   3 51   22 14  .....    79   2 15.7  15 55
Wed Sep 05/Thu Sep 06  6176.7   22 21 00   18 39  19 48   5 32  6 40   18 08   3 54   23 06  .....    71   3 04.7  18 35
Thu Sep 06/Fri Sep 07  6177.7   22 24 57   18 40  19 48   5 31  6 39   18 12   3 57   23 57  .....    62   3 54.5  20 27
Fri Sep 07/Sat Sep 08  6178.7   22 28 53   18 40  19 48   5 30  6 38   18 16   4 00    0 47  .....    53   4 45.0  21 25
Sat Sep 08/Sun Sep 09  6179.7   22 32 50   18 40  19 49   5 29  6 37   18 21   4 03    1 36  .....    43   5 35.9  21 26
Sun Sep 09/Mon Sep 10  6180.7   22 36 47   18 41  19 49   5 28  6 36   18 25   4 06    2 23  .....    34   6 27.1  20 30
Mon Sep 10/Tue Sep 11  6181.7   22 40 43   18 41  19 49   5 27  6 35   18 29   4 08    3 08  .....    25   7 18.3  18 38
Tue Sep 11/Wed Sep 12  6182.7   22 44 40   18 41  19 50   5 26  6 34   18 34   4 11    3 51  .....    17   8 09.1  15 52
Wed Sep 12/Thu Sep 13  6183.7   22 48 36   18 42  19 50   5 25  6 33   18 38   4 14    4 33  .....    10   8 59.8  12 18
Thu Sep 13/Fri Sep 14  6184.7   22 52 33   18 42  19 50   5 24  6 32   18 42   4 17    5 13  .....     5   9 50.4   8 05
Fri Sep 14/Sat Sep 15  6185.7   22 56 29   18 42  19 51   5 23  6 31   18 46   4 20    5 53  17 30     1  10 41.2   3 22
Sat Sep 15/Sun Sep 16  6186.7   23 00 26   18 43  19 51   5 21  6 30   18 51   4 23    6 33  18 30     0  11 32.9 - 1 37
Sun Sep 16/Mon Sep 17  6187.7   23 04 22   18 43  19 51   5 20  6 29   18 55   4 26    7 16  19 31     2  12 25.8 - 6 35
Mon Sep 17/Tue Sep 18  6188.7   23 08 19   18 43  19 52   5 19  6 28   18 59   4 28   .....  20 34     6  13 20.6 -11 14
Tue Sep 18/Wed Sep 19  6189.7   23 12 16   18 44  19 52   5 18  6 27   19 04   4 31   .....  21 39    12  14 17.5 -15 15
Wed Sep 19/Thu Sep 20  6190.7   23 16 12   18 44  19 53   5 17  6 26   19 08   4 34   .....  22 43    21  15 16.4 -18 19
Thu Sep 20/Fri Sep 21  6191.7   23 20 09   18 44  19 53   5 16  6 24   19 12   4 37   .....  23 47    31  16 16.8 -20 11
Fri Sep 21/Sat Sep 22  6192.7   23 24 05   18 45  19 53   5 15  6 23   19 17   4 40   .....   0 47    42  17 17.6 -20 44
Sat Sep 22/Sun Sep 23  6193.7   23 28 02   18 45  19 54   5 14  6 22   19 21   4 43   .....   1 43    53  18 17.7 -19 56
Sun Sep 23/Mon Sep 24  6194.7   23 31 58   18 45  19 54   5 13  6 21   19 25   4 45   .....   2 34    64  19 16.1 -17 54
Mon Sep 24/Tue Sep 25  6195.7   23 35 55   18 46  19 55   5 12  6 20   19 30   4 48   .....   3 20    74  20 12.0 -14 51
Tue Sep 25/Wed Sep 26  6196.7   23 39 51   18 46  19 55   5 10  6 19   19 34   4 51   .....   4 02    83  21 05.5 -11 01
Wed Sep 26/Thu Sep 27  6197.7   23 43 48   18 47  19 55   5 09  6 18   19 39   4 54   .....   4 41    91  21 56.7 - 6 39
Thu Sep 27/Fri Sep 28  6198.7   23 47 45   18 47  19 56   5 08  6 17   19 43   4 57   .....   5 18    96  22 46.2 - 2 02
Fri Sep 28/Sat Sep 29  6199.7   23 51 41   18 47  19 56   5 07  6 16   19 47   5 00   17 26   5 55    99  23 34.7   2 38
Sat Sep 29/Sun Sep 30  6200.7   23 55 38   18 48  19 57   5 06  6 15   19 52   5 02   18 20   6 31   100   0 22.6   7 07
Sun Sep 30/Mon Oct 01  6201.7   23 59 34   18 48  19 57   5 05  6 14   19 56   5 05   19 13   7 08    99   1 10.6  11 15
