  Date (eve/morn)      JDmid    LMSTmidn   ---------- Sun: ---------   LST twilight:  ------------- Moon: --------------
  (2014 at start)    (-2450000)            set  twi.end twi.beg rise    eve    morn    rise   set  %illum   RA      Dec
Wed Jan 01/Thu Jan 02  6659.6    5 05 07   20 42  22 02   5 29  6 49    3 07  10 35   .....  20 55     1  19 25.6 -16 21
Thu Jan 02/Fri Jan 03  6660.6    5 09 03   20 43  22 03   5 29  6 49    3 11  10 39   .....  21 49     4  20 26.7 -13 16
Fri Jan 03/Sat Jan 04  6661.6    5 13 00   20 43  22 03   5 30  6 50    3 15  10 44   .....  22 38    10  21 25.5 - 9 18
Sat Jan 04/Sun Jan 05  6662.6    5 16 56   20 43  22 03   5 31  6 51    3 19  10 49   .....  23 23    18  22 21.5 - 4 50
Sun Jan 05/Mon Jan 06  6663.6    5 20 53   20 43  22 03   5 32  6 52    3 23  10 54   .....   0 06    28  23 15.3 - 0 10
Mon Jan 06/Tue Jan 07  6664.6    5 24 49   20 43  22 03   5 33  6 52    3 27  10 58   .....   0 47    39   0 07.5   4 25
Tue Jan 07/Wed Jan 08  6665.6    5 28 46   20 43  22 03   5 34  6 53    3 31  11 03   .....   1 27    49   0 58.6   8 40
Wed Jan 08/Thu Jan 09  6666.6    5 32 43   20 44  22 03   5 34  6 54    3 35  11 08   .....   2 08    60   1 49.4  12 26
Thu Jan 09/Fri Jan 10  6667.6    5 36 39   20 44  22 03   5 35  6 55    3 39  11 13   .....   2 50    69   2 40.2  15 34
Fri Jan 10/Sat Jan 11  6668.6    5 40 36   20 44  22 03   5 36  6 55    3 43  11 18   .....   3 33    78   3 31.4  17 56
Sat Jan 11/Sun Jan 12  6669.6    5 44 32   20 44  22 03   5 37  6 56    3 47  11 23   .....   4 19    86   4 22.8  19 28
Sun Jan 12/Mon Jan 13  6670.6    5 48 29   20 44  22 03   5 38  6 57    3 51  11 27   17 44   5 06    92   5 14.4  20 07
Mon Jan 13/Tue Jan 14  6671.6    5 52 25   20 44  22 02   5 39  6 58    3 54  11 32   18 32   5 55    96   6 05.6  19 52
Tue Jan 14/Wed Jan 15  6672.6    5 56 22   20 44  22 02   5 40  6 58    3 58  11 37   19 18  .....    99   6 56.2  18 45
Wed Jan 15/Thu Jan 16  6673.6    6 00 18   20 44  22 02   5 41  6 59    4 02  11 42   20 01  .....   100   7 45.8  16 50
Thu Jan 16/Fri Jan 17  6674.6    6 04 15   20 44  22 02   5 42  7 00    4 06  11 47   20 41  .....    99   8 34.2  14 14
Fri Jan 17/Sat Jan 18  6675.6    6 08 12   20 43  22 01   5 43  7 01    4 09  11 52   21 19  .....    96   9 21.5  11 04
Sat Jan 18/Sun Jan 19  6676.6    6 12 08   20 43  22 01   5 44  7 01    4 13  11 57   21 56  .....    92  10 07.9   7 28
Sun Jan 19/Mon Jan 20  6677.6    6 16 05   20 43  22 01   5 45  7 02    4 16  12 02   22 32  .....    86  10 54.0   3 34
Mon Jan 20/Tue Jan 21  6678.6    6 20 01   20 43  22 00   5 46  7 03    4 20  12 07   23 07  .....    79  11 40.1 - 0 29
Tue Jan 21/Wed Jan 22  6679.6    6 23 58   20 43  22 00   5 47  7 04    4 23  12 11   23 43  .....    70  12 27.0 - 4 32
Wed Jan 22/Thu Jan 23  6680.6    6 27 54   20 42  21 59   5 48  7 04    4 27  12 16    0 21  .....    61  13 15.4 - 8 26
Thu Jan 23/Fri Jan 24  6681.6    6 31 51   20 42  21 59   5 48  7 05    4 30  12 21    1 02  .....    51  14 05.9 -12 00
Fri Jan 24/Sat Jan 25  6682.6    6 35 47   20 42  21 58   5 49  7 06    4 34  12 26    1 47  .....    40  14 59.1 -15 02
Sat Jan 25/Sun Jan 26  6683.6    6 39 44   20 42  21 58   5 50  7 07    4 37  12 31    2 38  .....    29  15 55.3 -17 18
Sun Jan 26/Mon Jan 27  6684.6    6 43 41   20 41  21 57   5 51  7 08    4 41  12 36    3 33  .....    20  16 54.3 -18 32
Mon Jan 27/Tue Jan 28  6685.6    6 47 37   20 41  21 57   5 52  7 08    4 44  12 41    4 35  17 35    11  17 55.5 -18 35
Tue Jan 28/Wed Jan 29  6686.6    6 51 34   20 41  21 56   5 53  7 09    4 48  12 46    5 40  18 35     5  18 57.6 -17 20
Wed Jan 29/Thu Jan 30  6687.6    6 55 30   20 40  21 56   5 54  7 10    4 51  12 51   .....  19 31     1  19 59.3 -14 49
Thu Jan 30/Fri Jan 31  6688.6    6 59 27   20 40  21 55   5 55  7 11    4 54  12 56   .....  20 23     0  20 59.5 -11 16
Fri Jan 31/Sat Feb 01  6689.6    7 03 23   20 39  21 54   5 56  7 11    4 57  13 00   .....  21 12     2  21 57.7 - 6 58
