  Date (eve/morn)      JDmid    LMSTmidn   ---------- Sun: ---------   LST twilight:  ------------- Moon: --------------
  (2012 at start)    (-2450000)            set  twi.end twi.beg rise    eve    morn    rise   set  %illum   RA      Dec
Sun Jan 01/Mon Jan 02  5928.6    5 03 05   20 42  22 02   5 28  6 48    3 05  10 32   .....   1 54    58   1 06.4  12 22
Mon Jan 02/Tue Jan 03  5929.6    5 07 01   20 42  22 03   5 29  6 49    3 09  10 37   .....   2 30    67   1 53.0  16 04
Tue Jan 03/Wed Jan 04  5930.6    5 10 58   20 43  22 03   5 30  6 50    3 13  10 42   .....   3 10    76   2 41.5  19 09
Wed Jan 04/Thu Jan 05  5931.6    5 14 54   20 43  22 03   5 31  6 51    3 17  10 46   .....   3 53    83   3 32.0  21 29
Thu Jan 05/Fri Jan 06  5932.6    5 18 51   20 43  22 03   5 31  6 51    3 21  10 51   17 28   4 40    90   4 24.7  22 52
Fri Jan 06/Sat Jan 07  5933.6    5 22 47   20 43  22 03   5 32  6 52    3 25  10 56   18 21   5 32    95   5 19.0  23 12
Sat Jan 07/Sun Jan 08  5934.6    5 26 44   20 43  22 03   5 33  6 53    3 29  11 01   19 12   6 27    99   6 14.2  22 22
Sun Jan 08/Mon Jan 09  5935.6    5 30 41   20 43  22 03   5 34  6 53    3 33  11 06   20 00  .....   100   7 09.5  20 23
Mon Jan 09/Tue Jan 10  5936.6    5 34 37   20 44  22 03   5 35  6 54    3 37  11 10   20 46  .....    99   8 04.1  17 19
Tue Jan 10/Wed Jan 11  5937.6    5 38 34   20 44  22 03   5 36  6 55    3 41  11 15   21 29  .....    96   8 57.6  13 19
Wed Jan 11/Thu Jan 12  5938.6    5 42 30   20 44  22 03   5 37  6 56    3 45  11 20   22 10  .....    91   9 49.9   8 37
Thu Jan 12/Fri Jan 13  5939.6    5 46 27   20 44  22 03   5 38  6 56    3 49  11 25   22 49  .....    83  10 41.5   3 29
Fri Jan 13/Sat Jan 14  5940.6    5 50 23   20 44  22 02   5 38  6 57    3 52  11 30   23 28  .....    74  11 33.0 - 1 50
Sat Jan 14/Sun Jan 15  5941.6    5 54 20   20 44  22 02   5 39  6 58    3 56  11 35    0 07  .....    64  12 25.2 - 7 03
Sun Jan 15/Mon Jan 16  5942.6    5 58 16   20 44  22 02   5 40  6 59    4 00  11 40    0 49  .....    52  13 18.7 -11 52
Mon Jan 16/Tue Jan 17  5943.6    6 02 13   20 44  22 02   5 41  6 59    4 04  11 44    1 34  .....    41  14 14.1 -16 00
Tue Jan 17/Wed Jan 18  5944.6    6 06 10   20 43  22 01   5 42  7 00    4 07  11 49    2 23  .....    30  15 11.7 -19 11
Wed Jan 18/Thu Jan 19  5945.6    6 10 06   20 43  22 01   5 43  7 01    4 11  11 54    3 17  .....    20  16 11.1 -21 10
Thu Jan 19/Fri Jan 20  5946.6    6 14 03   20 43  22 01   5 44  7 02    4 15  11 59    4 15  17 32    12  17 11.2 -21 48
Fri Jan 20/Sat Jan 21  5947.6    6 17 59   20 43  22 00   5 45  7 03    4 18  12 04    5 16  18 30     6  18 10.9 -21 02
Sat Jan 21/Sun Jan 22  5948.6    6 21 56   20 43  22 00   5 46  7 03    4 22  12 09    6 18  19 23     2  19 08.9 -19 00
Sun Jan 22/Mon Jan 23  5949.6    6 25 52   20 43  22 00   5 47  7 04    4 25  12 14   .....  20 11     0  20 04.2 -15 53
Mon Jan 23/Tue Jan 24  5950.6    6 29 49   20 42  21 59   5 48  7 05    4 29  12 19   .....  20 54     1  20 56.5 -11 59
Tue Jan 24/Wed Jan 25  5951.6    6 33 45   20 42  21 59   5 49  7 06    4 32  12 24   .....  21 33     4  21 46.2 - 7 33
Wed Jan 25/Thu Jan 26  5952.6    6 37 42   20 42  21 58   5 50  7 06    4 36  12 29   .....  22 09     8  22 33.7 - 2 53
Thu Jan 26/Fri Jan 27  5953.6    6 41 39   20 41  21 58   5 51  7 07    4 39  12 33   .....  22 44    15  23 19.7   1 51
Fri Jan 27/Sat Jan 28  5954.6    6 45 35   20 41  21 57   5 52  7 08    4 42  12 38   .....  23 18    22   0 05.1   6 26
Sat Jan 28/Sun Jan 29  5955.6    6 49 32   20 41  21 57   5 53  7 09    4 46  12 43   .....  23 52    31   0 50.4  10 44
Sun Jan 29/Mon Jan 30  5956.6    6 53 28   20 40  21 56   5 54  7 09    4 49  12 48   .....   0 28    40   1 36.5  14 36
Mon Jan 30/Tue Jan 31  5957.6    6 57 25   20 40  21 55   5 55  7 10    4 52  12 53   .....   1 06    49   2 24.0  17 54
Tue Jan 31/Wed Feb 01  5958.6    7 01 21   20 39  21 55   5 56  7 11    4 56  12 58   .....   1 47    58   3 13.2  20 30
