  Date (eve/morn)      JDmid    LMSTmidn   ---------- Sun: ---------   LST twilight:  ------------- Moon: --------------
  (2021 at start)    (-2450000)            set  twi.end twi.beg rise    eve    morn    rise   set  %illum   RA      Dec
Mon Feb 01/Tue Feb 02  9247.6    7 08 32   20 39  21 54   5 57  7 12    5 02  13 07   23 27  .....    78  12 44.9   1 09
Tue Feb 02/Wed Feb 03  9248.6    7 12 29   20 38  21 53   5 58  7 13    5 05  13 12    0 04  .....    67  13 36.3 - 4 47
Wed Feb 03/Thu Feb 04  9249.6    7 16 25   20 38  21 52   5 59  7 14    5 08  13 17    0 43  .....    56  14 28.6 -10 25
Thu Feb 04/Fri Feb 05  9250.6    7 20 22   20 37  21 51   6 00  7 14    5 11  13 21    1 24  .....    45  15 22.6 -15 27
Fri Feb 05/Sat Feb 06  9251.6    7 24 18   20 37  21 51   6 01  7 15    5 15  13 26    2 10  .....    34  16 18.7 -19 34
Sat Feb 06/Sun Feb 07  9252.6    7 28 15   20 36  21 50   6 02  7 16    5 18  13 31    3 01  .....    24  17 17.1 -22 30
Sun Feb 07/Mon Feb 08  9253.6    7 32 11   20 35  21 49   6 03  7 16    5 21  13 36    3 56  17 23    15  18 16.9 -24 02
Mon Feb 08/Tue Feb 09  9254.6    7 36 08   20 35  21 48   6 04  7 17    5 24  13 41    4 56  18 24     8  19 16.8 -24 03
Tue Feb 09/Wed Feb 10  9255.6    7 40 04   20 34  21 47   6 04  7 18    5 27  13 46    5 58  19 19     3  20 15.3 -22 37
Wed Feb 10/Thu Feb 11  9256.6    7 44 01   20 33  21 47   6 05  7 18    5 30  13 50   .....  20 08     1  21 11.3 -19 54
Thu Feb 11/Fri Feb 12  9257.6    7 47 58   20 33  21 46   6 06  7 19    5 33  13 55   .....  20 52     0  22 04.0 -16 10
Fri Feb 12/Sat Feb 13  9258.6    7 51 54   20 32  21 45   6 07  7 20    5 36  14 00   .....  21 30     2  22 53.6 -11 43
Sat Feb 13/Sun Feb 14  9259.6    7 55 51   20 31  21 44   6 08  7 20    5 39  14 05   .....  22 05     6  23 40.5 - 6 50
Sun Feb 14/Mon Feb 15  9260.6    7 59 47   20 31  21 43   6 09  7 21    5 42  14 09   .....  22 38    11   0 25.5 - 1 43
Mon Feb 15/Tue Feb 16  9261.6    8 03 44   20 30  21 42   6 09  7 22    5 45  14 14   .....  23 09    18   1 09.5   3 23
Tue Feb 16/Wed Feb 17  9262.6    8 07 40   20 29  21 41   6 10  7 22    5 48  14 19   .....  23 41    25   1 53.2   8 20
Wed Feb 17/Thu Feb 18  9263.6    8 11 37   20 28  21 40   6 11  7 23    5 51  14 24   .....   0 13    34   2 37.6  12 59
Thu Feb 18/Fri Feb 19  9264.6    8 15 33   20 28  21 39   6 12  7 24    5 54  14 28   .....   0 48    43   3 23.6  17 10
Fri Feb 19/Sat Feb 20  9265.6    8 19 30   20 27  21 38   6 13  7 24    5 57  14 33   .....   1 26    53   4 11.6  20 43
Sat Feb 20/Sun Feb 21  9266.6    8 23 27   20 26  21 37   6 13  7 25    6 00  14 38   .....   2 08    62   5 02.3  23 27
Sun Feb 21/Mon Feb 22  9267.6    8 27 23   20 25  21 36   6 14  7 25    6 03  14 42   .....   2 56    71   5 55.8  25 11
Mon Feb 22/Tue Feb 23  9268.6    8 31 20   20 24  21 35   6 15  7 26    6 06  14 47   .....   3 48    80   6 51.6  25 44
Tue Feb 23/Wed Feb 24  9269.6    8 35 16   20 23  21 34   6 16  7 26    6 09  14 52   17 41   4 46    88   7 48.9  24 56
Wed Feb 24/Thu Feb 25  9270.6    8 39 13   20 23  21 33   6 16  7 27    6 12  14 56   18 32   5 46    94   8 46.7  22 44
Thu Feb 25/Fri Feb 26  9271.6    8 43 09   20 22  21 32   6 17  7 28    6 15  15 01   19 19   6 48    98   9 43.8  19 13
Fri Feb 26/Sat Feb 27  9272.6    8 47 06   20 21  21 31   6 18  7 28    6 18  15 06   20 03  .....   100  10 39.7  14 33
Sat Feb 27/Sun Feb 28  9273.6    8 51 02   20 20  21 30   6 18  7 29    6 21  15 10   20 45  .....    99  11 34.2   9 00
Sun Feb 28/Mon Mar 01  9274.6    8 54 59   20 19  21 29   6 19  7 29    6 24  15 15   21 24  .....    95  12 27.7   2 55
