  Date (eve/morn)      JDmid    LMSTmidn   ---------- Sun: ---------   LST twilight:  ------------- Moon: --------------
  (2019 at start)    (-2450000)            set  twi.end twi.beg rise    eve    morn    rise   set  %illum   RA      Dec
Tue Jan 01/Wed Jan 02  8485.6    5 04 17   20 42  22 02   5 28  6 49    3 06  10 34    4 10  .....    14  15 43.8 -14 26
Wed Jan 02/Thu Jan 03  8486.6    5 08 13   20 42  22 03   5 29  6 49    3 10  10 38    4 52  17 53     8  16 34.1 -17 25
Thu Jan 03/Fri Jan 04  8487.6    5 12 10   20 43  22 03   5 30  6 50    3 15  10 43    5 38  18 48     4  17 25.2 -19 32
Fri Jan 04/Sat Jan 05  8488.6    5 16 06   20 43  22 03   5 31  6 51    3 19  10 48    6 25  19 41     1  18 16.7 -20 42
Sat Jan 05/Sun Jan 06  8489.6    5 20 03   20 43  22 03   5 32  6 51    3 23  10 53   .....  20 32     0  19 08.1 -20 53
Sun Jan 06/Mon Jan 07  8490.6    5 24 00   20 43  22 03   5 32  6 52    3 27  10 57   .....  21 19     1  19 58.9 -20 05
Mon Jan 07/Tue Jan 08  8491.6    5 27 56   20 43  22 03   5 33  6 53    3 31  11 02   .....  22 03     4  20 48.5 -18 24
Tue Jan 08/Wed Jan 09  8492.6    5 31 53   20 43  22 03   5 34  6 54    3 34  11 07   .....  22 44     8  21 36.7 -15 54
Wed Jan 09/Thu Jan 10  8493.6    5 35 49   20 44  22 03   5 35  6 54    3 38  11 12   .....  23 22    14  22 23.5 -12 44
Thu Jan 10/Fri Jan 11  8494.6    5 39 46   20 44  22 03   5 36  6 55    3 42  11 17   .....  23 57    21  23 09.2 - 9 02
Fri Jan 11/Sat Jan 12  8495.6    5 43 42   20 44  22 03   5 37  6 56    3 46  11 22   .....   0 31    29  23 54.3 - 4 55
Sat Jan 12/Sun Jan 13  8496.6    5 47 39   20 44  22 03   5 38  6 57    3 50  11 26   .....   1 05    38   0 39.5 - 0 32
Sun Jan 13/Mon Jan 14  8497.6    5 51 35   20 44  22 02   5 39  6 57    3 54  11 31   .....   1 40    48   1 25.5   4 01
Mon Jan 14/Tue Jan 15  8498.6    5 55 32   20 44  22 02   5 40  6 58    3 57  11 36   .....   2 16    58   2 13.3   8 32
Tue Jan 15/Wed Jan 16  8499.6    5 59 29   20 44  22 02   5 41  6 59    4 01  11 41   .....   2 56    68   3 03.8  12 51
Wed Jan 16/Thu Jan 17  8500.6    6 03 25   20 44  22 02   5 42  7 00    4 05  11 46   .....   3 40    78   3 57.9  16 42
Thu Jan 17/Fri Jan 18  8501.6    6 07 22   20 43  22 01   5 42  7 00    4 08  11 51   .....   4 30    87   4 55.9  19 47
Fri Jan 18/Sat Jan 19  8502.6    6 11 18   20 43  22 01   5 43  7 01    4 12  11 56   18 05   5 26    94   5 57.9  21 44
Sat Jan 19/Sun Jan 20  8503.6    6 15 15   20 43  22 01   5 44  7 02    4 16  12 01   19 09   6 29    98   7 02.7  22 15
Sun Jan 20/Mon Jan 21  8504.6    6 19 11   20 43  22 00   5 45  7 03    4 19  12 05   20 11  .....   100   8 08.4  21 12
Mon Jan 21/Tue Jan 22  8505.6    6 23 08   20 43  22 00   5 46  7 04    4 23  12 10   21 08  .....    99   9 13.0  18 37
Tue Jan 22/Wed Jan 23  8506.6    6 27 04   20 42  22 00   5 47  7 04    4 26  12 15   22 01  .....    94  10 14.9  14 48
Wed Jan 23/Thu Jan 24  8507.6    6 31 01   20 42  21 59   5 48  7 05    4 30  12 20   22 48  .....    87  11 13.4  10 06
Thu Jan 24/Fri Jan 25  8508.6    6 34 58   20 42  21 59   5 49  7 06    4 33  12 25   23 31  .....    78  12 08.8   4 59
Fri Jan 25/Sat Jan 26  8509.6    6 38 54   20 42  21 58   5 50  7 07    4 37  12 30    0 12  .....    68  13 01.7 - 0 13
Sat Jan 26/Sun Jan 27  8510.6    6 42 51   20 41  21 58   5 51  7 07    4 40  12 35    0 51  .....    58  13 53.0 - 5 12
Sun Jan 27/Mon Jan 28  8511.6    6 46 47   20 41  21 57   5 52  7 08    4 43  12 40    1 30  .....    47  14 43.3 - 9 44
Mon Jan 28/Tue Jan 29  8512.6    6 50 44   20 41  21 56   5 53  7 09    4 47  12 45    2 10  .....    37  15 33.4 -13 39
Tue Jan 29/Wed Jan 30  8513.6    6 54 40   20 40  21 56   5 54  7 10    4 50  12 50    2 52  .....    27  16 23.8 -16 50
Wed Jan 30/Thu Jan 31  8514.6    6 58 37   20 40  21 55   5 55  7 10    4 53  12 55    3 36  .....    19  17 14.6 -19 08
Thu Jan 31/Fri Feb 01  8515.6    7 02 33   20 39  21 55   5 56  7 11    4 57  12 59    4 22  17 37    12  18 05.7 -20 30
