  Date (eve/morn)      JDmid    LMSTmidn   ---------- Sun: ---------   LST twilight:  ------------- Moon: --------------
  (2012 at start)    (-2450000)            set  twi.end twi.beg rise    eve    morn    rise   set  %illum   RA      Dec
Fri Jun 01/Sat Jun 02  6080.7   16 02 31   18 08  19 21   5 58  7 11   11 23  22 02   .....   5 16    92  14 24.2 -16 41
Sat Jun 02/Sun Jun 03  6081.7   16 06 28   18 08  19 21   5 59  7 11   11 27  22 06   16 19   6 24    97  15 27.4 -19 46
Sun Jun 03/Mon Jun 04  6082.7   16 10 24   18 08  19 21   5 59  7 12   11 31  22 10   17 17   7 30   100  16 32.9 -21 26
Mon Jun 04/Tue Jun 05  6083.7   16 14 21   18 08  19 21   5 59  7 12   11 35  22 15   18 20  .....    99  17 38.7 -21 29
Tue Jun 05/Wed Jun 06  6084.7   16 18 17   18 08  19 21   6 00  7 13   11 39  22 19   19 25  .....    96  18 42.7 -19 58
Wed Jun 06/Thu Jun 07  6085.7   16 22 14   18 08  19 21   6 00  7 13   11 43  22 23   20 29  .....    89  19 43.3 -17 10
Thu Jun 07/Fri Jun 08  6086.7   16 26 10   18 08  19 21   6 00  7 13   11 47  22 27   21 32  .....    81  20 39.8 -13 26
Fri Jun 08/Sat Jun 09  6087.7   16 30 07   18 08  19 21   6 01  7 14   11 51  22 32   22 31  .....    72  21 32.4 - 9 06
Sat Jun 09/Sun Jun 10  6088.7   16 34 03   18 08  19 21   6 01  7 14   11 55  22 36   23 27  .....    62  22 21.8 - 4 29
Sun Jun 10/Mon Jun 11  6089.7   16 38 00   18 08  19 21   6 01  7 14   11 59  22 40    0 21  .....    52  23 09.0   0 10
Mon Jun 11/Tue Jun 12  6090.7   16 41 57   18 08  19 21   6 02  7 15   12 03  22 44    1 13  .....    42  23 54.9   4 41
Tue Jun 12/Wed Jun 13  6091.7   16 45 53   18 08  19 22   6 02  7 15   12 07  22 49    2 05  .....    33   0 40.2   8 55
Wed Jun 13/Thu Jun 14  6092.7   16 49 50   18 08  19 22   6 02  7 15   12 11  22 53    2 56  .....    24   1 25.9  12 45
Thu Jun 14/Fri Jun 15  6093.7   16 53 46   18 09  19 22   6 02  7 16   12 15  22 57    3 47  .....    17   2 12.3  16 03
Fri Jun 15/Sat Jun 16  6094.7   16 57 43   18 09  19 22   6 03  7 16   12 19  23 01    4 38  .....    10   3 00.0  18 42
Sat Jun 16/Sun Jun 17  6095.7   17 01 39   18 09  19 22   6 03  7 16   12 23  23 06    5 30  16 00     5   3 49.0  20 36
Sun Jun 17/Mon Jun 18  6096.7   17 05 36   18 09  19 22   6 03  7 17   12 27  23 10    6 20  16 45     2   4 39.2  21 36
Mon Jun 18/Tue Jun 19  6097.7   17 09 32   18 09  19 23   6 03  7 17   12 31  23 14    7 09  17 34     0   5 30.3  21 40
Tue Jun 19/Wed Jun 20  6098.7   17 13 29   18 09  19 23   6 04  7 17   12 35  23 18    7 56  18 25     0   6 21.6  20 45
Wed Jun 20/Thu Jun 21  6099.7   17 17 26   18 10  19 23   6 04  7 17   12 40  23 22   .....  19 18     2   7 12.6  18 53
Thu Jun 21/Fri Jun 22  6100.7   17 21 22   18 10  19 23   6 04  7 17   12 44  23 26   .....  20 13     6   8 03.1  16 07
Fri Jun 22/Sat Jun 23  6101.7   17 25 19   18 10  19 23   6 04  7 18   12 48  23 31   .....  21 08    12   8 52.8  12 34
Sat Jun 23/Sun Jun 24  6102.7   17 29 15   18 10  19 24   6 04  7 18   12 52  23 35   .....  22 03    19   9 42.0   8 24
Sun Jun 24/Mon Jun 25  6103.7   17 33 12   18 11  19 24   6 05  7 18   12 56  23 39   .....  23 00    28  10 31.2   3 45
Mon Jun 25/Tue Jun 26  6104.7   17 37 08   18 11  19 24   6 05  7 18   13 01  23 43   .....  23 57    38  11 20.9 - 1 10
Tue Jun 26/Wed Jun 27  6105.7   17 41 05   18 11  19 24   6 05  7 18   13 05  23 47   .....   0 55    49  12 12.1 - 6 09
Wed Jun 27/Thu Jun 28  6106.7   17 45 01   18 11  19 25   6 05  7 18   13 09  23 51   .....   1 56    61  13 05.5 -10 56
Thu Jun 28/Fri Jun 29  6107.7   17 48 58   18 12  19 25   6 05  7 18   13 13  23 55   .....   3 00    72  14 02.0 -15 13
Fri Jun 29/Sat Jun 30  6108.7   17 52 55   18 12  19 25   6 05  7 18   13 17  23 59   .....   4 05    82  15 01.8 -18 39
Sat Jun 30/Sun Jul 01  6109.7   17 56 51   18 12  19 26   6 05  7 19   13 22   0 03   .....   5 11    90  16 04.6 -20 52
