  Date (eve/morn)      JDmid    LMSTmidn   ---------- Sun: ---------   LST twilight:  ------------- Moon: --------------
  (2011 at start)    (-2450000)            set  twi.end twi.beg rise    eve    morn    rise   set  %illum   RA      Dec
Tue Feb 01/Wed Feb 02  5594.6    7 06 15   20 39  21 54   5 57  7 12    5 00  13 04    6 43  19 41     1  20 13.1 -16 39
Wed Feb 02/Thu Feb 03  5595.6    7 10 12   20 38  21 53   5 58  7 13    5 03  13 09   .....  20 19     0  21 00.8 -12 45
Thu Feb 03/Fri Feb 04  5596.6    7 14 08   20 38  21 53   5 59  7 13    5 06  13 14   .....  20 53     1  21 46.3 - 8 22
Fri Feb 04/Sat Feb 05  5597.6    7 18 05   20 37  21 52   6 00  7 14    5 10  13 19   .....  21 26     4  22 30.3 - 3 41
Sat Feb 05/Sun Feb 06  5598.6    7 22 01   20 37  21 51   6 00  7 15    5 13  13 23   .....  21 57     8  23 13.4   1 07
Sun Feb 06/Mon Feb 07  5599.6    7 25 58   20 36  21 50   6 01  7 15    5 16  13 28   .....  22 28    14  23 56.5   5 52
Mon Feb 07/Tue Feb 08  5600.6    7 29 55   20 36  21 50   6 02  7 16    5 19  13 33   .....  23 01    21   0 40.2  10 27
Tue Feb 08/Wed Feb 09  5601.6    7 33 51   20 35  21 49   6 03  7 17    5 22  13 38   .....  23 35    29   1 25.4  14 41
Wed Feb 09/Thu Feb 10  5602.6    7 37 48   20 34  21 48   6 04  7 17    5 25  13 43   .....   0 12    38   2 12.8  18 25
Thu Feb 10/Fri Feb 11  5603.6    7 41 44   20 34  21 47   6 05  7 18    5 28  13 48   .....   0 53    48   3 02.9  21 28
Fri Feb 11/Sat Feb 12  5604.6    7 45 41   20 33  21 46   6 06  7 19    5 32  13 52   .....   1 39    58   3 56.2  23 37
Sat Feb 12/Sun Feb 13  5605.6    7 49 37   20 32  21 45   6 07  7 19    5 35  13 57   .....   2 31    68   4 52.5  24 39
Sun Feb 13/Mon Feb 14  5606.6    7 53 34   20 32  21 44   6 07  7 20    5 38  14 02   .....   3 29    77   5 51.1  24 22
Mon Feb 14/Tue Feb 15  5607.6    7 57 30   20 31  21 44   6 08  7 21    5 41  14 07   17 16   4 31    86   6 51.1  22 38
Tue Feb 15/Wed Feb 16  5608.6    8 01 27   20 30  21 43   6 09  7 21    5 44  14 11   18 07   5 36    93   7 51.1  19 28
Wed Feb 16/Thu Feb 17  5609.6    8 05 24   20 30  21 42   6 10  7 22    5 47  14 16   18 55   6 42    98   8 50.3  15 01
Thu Feb 17/Fri Feb 18  5610.6    8 09 20   20 29  21 41   6 11  7 23    5 50  14 21   19 40  .....   100   9 48.2   9 34
Fri Feb 18/Sat Feb 19  5611.6    8 13 17   20 28  21 40   6 11  7 23    5 53  14 26   20 22  .....    99  10 44.9   3 30
Sat Feb 19/Sun Feb 20  5612.6    8 17 13   20 27  21 39   6 12  7 24    5 56  14 30   21 04  .....    95  11 40.9 - 2 44
Sun Feb 20/Mon Feb 21  5613.6    8 21 10   20 26  21 38   6 13  7 24    5 59  14 35   21 45  .....    88  12 36.9 - 8 41
Mon Feb 21/Tue Feb 22  5614.6    8 25 06   20 26  21 37   6 14  7 25    6 02  14 40   22 28  .....    80  13 33.5 -13 58
Tue Feb 22/Wed Feb 23  5615.6    8 29 03   20 25  21 36   6 14  7 26    6 05  14 44   23 14  .....    69  14 30.9 -18 16
Wed Feb 23/Thu Feb 24  5616.6    8 32 59   20 24  21 35   6 15  7 26    6 08  14 49    0 03  .....    59  15 28.9 -21 19
Thu Feb 24/Fri Feb 25  5617.6    8 36 56   20 23  21 34   6 16  7 27    6 11  14 54    0 55  .....    48  16 26.9 -23 02
Fri Feb 25/Sat Feb 26  5618.6    8 40 53   20 22  21 33   6 17  7 27    6 13  14 58    1 50  .....    37  17 24.0 -23 23
Sat Feb 26/Sun Feb 27  5619.6    8 44 49   20 21  21 32   6 17  7 28    6 16  15 03    2 46  .....    28  18 19.4 -22 27
Sun Feb 27/Mon Feb 28  5620.6    8 48 46   20 20  21 31   6 18  7 28    6 19  15 08    3 42  16 57    19  19 12.3 -20 24
Mon Feb 28/Tue Mar 01  5621.6    8 52 42   20 20  21 30   6 19  7 29    6 22  15 12    4 38  17 40    12  20 02.6 -17 25
