  Date (eve/morn)      JDmid    LMSTmidn   ---------- Sun: ---------   LST twilight:  ------------- Moon: --------------
  (2016 at start)    (-2450000)            set  twi.end twi.beg rise    eve    morn    rise   set  %illum   RA      Dec
Wed Jun 01/Thu Jun 02  7541.7   16 02 38   18 08  19 21   5 58  7 11   11 23  22 02    4 17  .....    12   2 01.2   8 49
Thu Jun 02/Fri Jun 03  7542.7   16 06 35   18 08  19 21   5 59  7 11   11 27  22 06    5 22  16 19     6   2 58.9  12 40
Fri Jun 03/Sat Jun 04  7543.7   16 10 31   18 08  19 21   5 59  7 12   11 31  22 10    6 27  17 10     1   3 58.2  15 44
Sat Jun 04/Sun Jun 05  7544.7   16 14 28   18 08  19 21   5 59  7 12   11 35  22 15    7 30  18 05     0   4 58.6  17 48
Sun Jun 05/Mon Jun 06  7545.7   16 18 25   18 08  19 21   6 00  7 13   11 39  22 19   .....  19 02     2   5 59.2  18 41
Mon Jun 06/Tue Jun 07  7546.7   16 22 21   18 08  19 21   6 00  7 13   11 43  22 23   .....  20 02     6   6 58.7  18 23
Tue Jun 07/Wed Jun 08  7547.7   16 26 18   18 08  19 21   6 00  7 13   11 47  22 28   .....  21 01    12   7 56.0  17 00
Wed Jun 08/Thu Jun 09  7548.7   16 30 14   18 08  19 21   6 01  7 14   11 51  22 32   .....  21 59    19   8 50.7  14 44
Thu Jun 09/Fri Jun 10  7549.7   16 34 11   18 08  19 21   6 01  7 14   11 55  22 36   .....  22 55    28   9 42.5  11 48
Fri Jun 10/Sat Jun 11  7550.7   16 38 07   18 08  19 21   6 01  7 14   11 59  22 40   .....  23 49    38  10 31.8   8 24
Sat Jun 11/Sun Jun 12  7551.7   16 42 04   18 08  19 21   6 02  7 15   12 03  22 45   .....   0 41    48  11 19.2   4 42
Sun Jun 12/Mon Jun 13  7552.7   16 46 00   18 08  19 22   6 02  7 15   12 07  22 49   .....   1 31    57  12 05.3   0 54
Mon Jun 13/Tue Jun 14  7553.7   16 49 57   18 08  19 22   6 02  7 15   12 11  22 53   .....   2 21    66  12 50.8 - 2 55
Tue Jun 14/Wed Jun 15  7554.7   16 53 54   18 09  19 22   6 02  7 16   12 15  22 57   .....   3 11    75  13 36.4 - 6 35
Wed Jun 15/Thu Jun 16  7555.7   16 57 50   18 09  19 22   6 03  7 16   12 19  23 02   .....   4 01    83  14 22.7 -10 00
Thu Jun 16/Fri Jun 17  7556.7   17 01 47   18 09  19 22   6 03  7 16   12 23  23 06   .....   4 52    89  15 10.3 -13 01
Fri Jun 17/Sat Jun 18  7557.7   17 05 43   18 09  19 22   6 03  7 17   12 27  23 10   16 05   5 43    95  15 59.5 -15 31
Sat Jun 18/Sun Jun 19  7558.7   17 09 40   18 09  19 23   6 03  7 17   12 31  23 14   16 48   6 35    98  16 50.5 -17 20
Sun Jun 19/Mon Jun 20  7559.7   17 13 36   18 09  19 23   6 04  7 17   12 36  23 18   17 34   7 27   100  17 43.1 -18 20
Mon Jun 20/Tue Jun 21  7560.7   17 17 33   18 10  19 23   6 04  7 17   12 40  23 22   18 24  .....    99  18 36.9 -18 26
Tue Jun 21/Wed Jun 22  7561.7   17 21 29   18 10  19 23   6 04  7 17   12 44  23 27   19 17  .....    97  19 31.3 -17 34
Wed Jun 22/Thu Jun 23  7562.7   17 25 26   18 10  19 23   6 04  7 18   12 48  23 31   20 12  .....    92  20 25.7 -15 45
Thu Jun 23/Fri Jun 24  7563.7   17 29 23   18 10  19 24   6 04  7 18   12 52  23 35   21 09  .....    85  21 19.7 -13 04
Fri Jun 24/Sat Jun 25  7564.7   17 33 19   18 11  19 24   6 05  7 18   12 56  23 39   22 07  .....    77  22 13.1 - 9 39
Sat Jun 25/Sun Jun 26  7565.7   17 37 16   18 11  19 24   6 05  7 18   13 01  23 43   23 05  .....    67  23 06.0 - 5 41
Sun Jun 26/Mon Jun 27  7566.7   17 41 12   18 11  19 24   6 05  7 18   13 05  23 47    0 04  .....    56  23 58.7 - 1 21
Mon Jun 27/Tue Jun 28  7567.7   17 45 09   18 11  19 25   6 05  7 18   13 09  23 51    1 04  .....    45   0 51.9   3 05
Tue Jun 28/Wed Jun 29  7568.7   17 49 05   18 12  19 25   6 05  7 18   13 13  23 55    2 05  .....    33   1 45.9   7 25
Wed Jun 29/Thu Jun 30  7569.7   17 53 02   18 12  19 25   6 05  7 18   13 18  23 59    3 07  .....    23   2 41.5  11 22
Thu Jun 30/Fri Jul 01  7570.7   17 56 58   18 12  19 26   6 05  7 19   13 22   0 03    4 10  .....    14   3 38.7  14 40
