  Date (eve/morn)      JDmid    LMSTmidn   ---------- Sun: ---------   LST twilight:  ------------- Moon: --------------
  (2012 at start)    (-2450000)            set  twi.end twi.beg rise    eve    morn    rise   set  %illum   RA      Dec
Wed Aug 01/Thu Aug 02  6141.7   20 03 01   18 26  19 36   5 59  7 10   15 39   2 03   17 58   7 28   100  20 47.6 -12 53
Thu Aug 02/Fri Aug 03  6142.7   20 06 57   18 26  19 37   5 59  7 09   15 43   2 06   18 58  .....    98  21 41.4 - 8 24
Fri Aug 03/Sat Aug 04  6143.7   20 10 54   18 27  19 37   5 58  7 09   15 47   2 10   19 56  .....    95  22 32.5 - 3 37
Sat Aug 04/Sun Aug 05  6144.7   20 14 51   18 27  19 37   5 58  7 08   15 52   2 13   20 52  .....    89  23 21.7   1 13
Sun Aug 05/Mon Aug 06  6145.7   20 18 47   18 27  19 38   5 57  7 07   15 56   2 17   21 46  .....    82   0 09.6   5 51
Mon Aug 06/Tue Aug 07  6146.7   20 22 44   18 28  19 38   5 56  7 07   16 00   2 20   22 39  .....    73   0 56.9  10 07
Tue Aug 07/Wed Aug 08  6147.7   20 26 40   18 28  19 38   5 56  7 06   16 04   2 23   23 31  .....    64   1 44.2  13 53
Wed Aug 08/Thu Aug 09  6148.7   20 30 37   18 29  19 39   5 55  7 05   16 09   2 27    0 23  .....    55   2 32.2  17 01
Thu Aug 09/Fri Aug 10  6149.7   20 34 33   18 29  19 39   5 55  7 04   16 13   2 30    1 15  .....    46   3 21.0  19 25
Fri Aug 10/Sat Aug 11  6150.7   20 38 30   18 30  19 39   5 54  7 04   16 17   2 33    2 06  .....    36   4 10.8  20 59
Sat Aug 11/Sun Aug 12  6151.7   20 42 26   18 30  19 40   5 53  7 03   16 21   2 37    2 56  .....    28   5 01.4  21 39
Sun Aug 12/Mon Aug 13  6152.7   20 46 23   18 30  19 40   5 53  7 02   16 26   2 40    3 45  .....    20   5 52.8  21 21
Mon Aug 13/Tue Aug 14  6153.7   20 50 20   18 31  19 40   5 52  7 01   16 30   2 43    4 31  .....    13   6 44.3  20 04
Tue Aug 14/Wed Aug 15  6154.7   20 54 16   18 31  19 41   5 51  7 01   16 34   2 46    5 16  .....     7   7 35.7  17 50
Wed Aug 15/Thu Aug 16  6155.7   20 58 13   18 32  19 41   5 50  7 00   16 39   2 50    5 58  16 52     3   8 26.8  14 43
Thu Aug 16/Fri Aug 17  6156.7   21 02 09   18 32  19 41   5 50  6 59   16 43   2 53    6 39  17 48     0   9 17.3  10 51
Fri Aug 17/Sat Aug 18  6157.7   21 06 06   18 32  19 42   5 49  6 58   16 47   2 56    7 19  18 46     0  10 07.6   6 24
Sat Aug 18/Sun Aug 19  6158.7   21 10 02   18 33  19 42   5 48  6 57   16 51   2 59   .....  19 44     3  10 58.1   1 34
Sun Aug 19/Mon Aug 20  6159.7   21 13 59   18 33  19 42   5 47  6 57   16 56   3 02   .....  20 43     7  11 49.1 - 3 25
Mon Aug 20/Tue Aug 21  6160.7   21 17 55   18 33  19 43   5 47  6 56   17 00   3 05   .....  21 44    14  12 41.4 - 8 16
Tue Aug 21/Wed Aug 22  6161.7   21 21 52   18 34  19 43   5 46  6 55   17 04   3 09   .....  22 45    23  13 35.6 -12 43
Wed Aug 22/Thu Aug 23  6162.7   21 25 49   18 34  19 43   5 45  6 54   17 08   3 12   .....  23 48    33  14 31.9 -16 28
Thu Aug 23/Fri Aug 24  6163.7   21 29 45   18 35  19 44   5 44  6 53   17 13   3 15   .....   0 51    44  15 30.4 -19 15
Fri Aug 24/Sat Aug 25  6164.7   21 33 42   18 35  19 44   5 43  6 52   17 17   3 18   .....   1 53    56  16 30.6 -20 49
Sat Aug 25/Sun Aug 26  6165.7   21 37 38   18 35  19 44   5 42  6 51   17 21   3 21   .....   2 52    67  17 31.6 -21 03
Sun Aug 26/Mon Aug 27  6166.7   21 41 35   18 36  19 44   5 41  6 50   17 25   3 24   .....   3 47    77  18 32.0 -19 56
Mon Aug 27/Tue Aug 28  6167.7   21 45 31   18 36  19 45   5 41  6 49   17 30   3 27   .....   4 37    86  19 30.9 -17 33
Tue Aug 28/Wed Aug 29  6168.7   21 49 28   18 36  19 45   5 40  6 48   17 34   3 30   .....   5 23    93  20 27.3 -14 09
Wed Aug 29/Thu Aug 30  6169.7   21 53 24   18 37  19 45   5 39  6 47   17 38   3 33   16 46   6 04    97  21 21.3 -10 00
Thu Aug 30/Fri Aug 31  6170.7   21 57 21   18 37  19 46   5 38  6 46   17 42   3 36   17 44   6 43   100  22 13.0 - 5 24
Fri Aug 31/Sat Sep 01  6171.7   22 01 18   18 37  19 46   5 37  6 45   17 47   3 39   18 40   7 20    99  23 02.8 - 0 37
