  Date (eve/morn)      JDmid    LMSTmidn   ---------- Sun: ---------   LST twilight:  ------------- Moon: --------------
  (2019 at start)    (-2450000)            set  twi.end twi.beg rise    eve    morn    rise   set  %illum   RA      Dec
Fri Feb 01/Sat Feb 02  8516.6    7 06 30   20 39  21 54   5 57  7 12    5 00  13 04    5 11  18 28     7  18 56.7 -20 54
Sat Feb 02/Sun Feb 03  8517.6    7 10 27   20 38  21 53   5 58  7 13    5 03  13 09    6 02  19 17     3  19 47.3 -20 20
Sun Feb 03/Mon Feb 04  8518.6    7 14 23   20 38  21 52   5 59  7 13    5 07  13 14   .....  20 01     1  20 36.8 -18 51
Mon Feb 04/Tue Feb 05  8519.6    7 18 20   20 37  21 52   6 00  7 14    5 10  13 19   .....  20 43     0  21 25.2 -16 32
Tue Feb 05/Wed Feb 06  8520.6    7 22 16   20 37  21 51   6 00  7 15    5 13  13 24   .....  21 22     1  22 12.2 -13 32
Wed Feb 06/Thu Feb 07  8521.6    7 26 13   20 36  21 50   6 01  7 15    5 16  13 29   .....  21 58     4  22 58.0 - 9 57
Thu Feb 07/Fri Feb 08  8522.6    7 30 09   20 36  21 49   6 02  7 16    5 19  13 33   .....  22 32     9  23 42.9 - 5 57
Fri Feb 08/Sat Feb 09  8523.6    7 34 06   20 35  21 49   6 03  7 17    5 22  13 38   .....  23 06    15   0 27.6 - 1 39
Sat Feb 09/Sun Feb 10  8524.6    7 38 02   20 34  21 48   6 04  7 17    5 26  13 43   .....  23 40    23   1 12.5   2 48
Sun Feb 10/Mon Feb 11  8525.6    7 41 59   20 34  21 47   6 05  7 18    5 29  13 48   .....   0 15    31   1 58.7   7 14
Mon Feb 11/Tue Feb 12  8526.6    7 45 56   20 33  21 46   6 06  7 19    5 32  13 53   .....   0 52    41   2 46.7  11 31
Tue Feb 12/Wed Feb 13  8527.6    7 49 52   20 32  21 45   6 07  7 19    5 35  13 57   .....   1 33    51   3 37.6  15 25
Wed Feb 13/Thu Feb 14  8528.6    7 53 49   20 32  21 44   6 07  7 20    5 38  14 02   .....   2 18    62   4 31.9  18 42
Thu Feb 14/Fri Feb 15  8529.6    7 57 45   20 31  21 44   6 08  7 21    5 41  14 07   .....   3 09    73   5 30.1  21 04
Fri Feb 15/Sat Feb 16  8530.6    8 01 42   20 30  21 43   6 09  7 21    5 44  14 12   .....   4 07    82   6 31.7  22 14
Sat Feb 16/Sun Feb 17  8531.6    8 05 38   20 30  21 42   6 10  7 22    5 47  14 17   17 50   5 10    90   7 35.7  21 56
Sun Feb 17/Mon Feb 18  8532.6    8 09 35   20 29  21 41   6 11  7 23    5 50  14 21   18 49   6 17    96   8 40.4  20 06
Mon Feb 18/Tue Feb 19  8533.6    8 13 31   20 28  21 40   6 11  7 23    5 53  14 26   19 44  .....    99   9 44.1  16 50
Tue Feb 19/Wed Feb 20  8534.6    8 17 28   20 27  21 39   6 12  7 24    5 56  14 31   20 34  .....   100  10 45.4  12 25
Wed Feb 20/Thu Feb 21  8535.6    8 21 25   20 26  21 38   6 13  7 24    5 59  14 35   21 21  .....    96  11 43.9   7 16
Thu Feb 21/Fri Feb 22  8536.6    8 25 21   20 26  21 37   6 14  7 25    6 02  14 40   22 04  .....    91  12 39.9   1 50
Fri Feb 22/Sat Feb 23  8537.6    8 29 18   20 25  21 36   6 14  7 26    6 05  14 45   22 45  .....    83  13 34.0 - 3 30
Sat Feb 23/Sun Feb 24  8538.6    8 33 14   20 24  21 35   6 15  7 26    6 08  14 49   23 26  .....    73  14 26.8 - 8 26
Sun Feb 24/Mon Feb 25  8539.6    8 37 11   20 23  21 34   6 16  7 27    6 11  14 54    0 07  .....    63  15 18.9 -12 44
Mon Feb 25/Tue Feb 26  8540.6    8 41 07   20 22  21 33   6 17  7 27    6 14  14 59    0 49  .....    53  16 10.7 -16 14
Tue Feb 26/Wed Feb 27  8541.6    8 45 04   20 21  21 32   6 17  7 28    6 17  15 03    1 33  .....    43  17 02.5 -18 49
Wed Feb 27/Thu Feb 28  8542.6    8 49 00   20 20  21 31   6 18  7 28    6 19  15 08    2 19  .....    33  17 54.2 -20 25
Thu Feb 28/Fri Mar 01  8543.6    8 52 57   20 19  21 30   6 19  7 29    6 22  15 13    3 08  .....    25  18 45.6 -21 02
