  Date (eve/morn)      JDmid    LMSTmidn   ---------- Sun: ---------   LST twilight:  ------------- Moon: --------------
  (2011 at start)    (-2450000)            set  twi.end twi.beg rise    eve    morn    rise   set  %illum   RA      Dec
Thu Dec 01/Fri Dec 02  5897.6    3 00 51   20 25  21 44   5 17  6 36    0 45   8 19   .....   1 41    47  22 21.5 - 3 57
Fri Dec 02/Sat Dec 03  5898.6    3 04 48   20 26  21 45   5 17  6 36    0 50   8 23   .....   2 14    56  23 06.8   0 43
Sat Dec 03/Sun Dec 04  5899.6    3 08 45   20 27  21 46   5 17  6 36    0 54   8 27   .....   2 47    66  23 51.5   5 19
Sun Dec 04/Mon Dec 05  5900.6    3 12 41   20 27  21 47   5 17  6 37    0 59   8 30   .....   3 20    75   0 36.4   9 42
Mon Dec 05/Tue Dec 06  5901.6    3 16 38   20 28  21 48   5 17  6 37    1 04   8 34   .....   3 55    82   1 22.2  13 43
Tue Dec 06/Wed Dec 07  5902.6    3 20 34   20 29  21 48   5 17  6 37    1 09   8 38   .....   4 33    89   2 09.7  17 15
Wed Dec 07/Thu Dec 08  5903.6    3 24 31   20 29  21 49   5 17  6 37    1 13   8 42   17 52   5 14    94   2 59.2  20 05
Thu Dec 08/Fri Dec 09  5904.6    3 28 27   20 30  21 50   5 17  6 37    1 18   8 46   18 45   5 59    98   3 50.7  22 06
Fri Dec 09/Sat Dec 10  5905.6    3 32 24   20 31  21 51   5 17  6 37    1 23   8 51   19 37  .....   100   4 44.0  23 06
Sat Dec 10/Sun Dec 11  5906.6    3 36 20   20 31  21 52   5 17  6 38    1 28   8 55   20 29  .....   100   5 38.4  23 01
Sun Dec 11/Mon Dec 12  5907.6    3 40 17   20 32  21 52   5 18  6 38    1 32   8 59   21 19  .....    98   6 33.0  21 47
Mon Dec 12/Tue Dec 13  5908.6    3 44 14   20 33  21 53   5 18  6 38    1 37   9 03   22 05  .....    93   7 27.0  19 27
Tue Dec 13/Wed Dec 14  5909.6    3 48 10   20 33  21 54   5 18  6 39    1 42   9 07   22 49  .....    87   8 20.0  16 08
Wed Dec 14/Thu Dec 15  5910.6    3 52 07   20 34  21 54   5 18  6 39    1 46   9 11   23 30  .....    79   9 11.7  12 00
Thu Dec 15/Fri Dec 16  5911.6    3 56 03   20 34  21 55   5 19  6 39    1 51   9 16    0 09  .....    70  10 02.6   7 16
Fri Dec 16/Sat Dec 17  5912.6    4 00 00   20 35  21 56   5 19  6 40    1 55   9 20    0 47  .....    60  10 53.1   2 09
Sat Dec 17/Sun Dec 18  5913.6    4 03 56   20 36  21 56   5 19  6 40    2 00   9 24    1 26  .....    48  11 44.1 - 3 07
Sun Dec 18/Mon Dec 19  5914.6    4 07 53   20 36  21 57   5 20  6 41    2 04   9 29    2 06  .....    37  12 36.4 - 8 15
Mon Dec 19/Tue Dec 20  5915.6    4 11 49   20 37  21 57   5 20  6 41    2 09   9 33    2 50  .....    27  13 30.8 -12 59
Tue Dec 20/Wed Dec 21  5916.6    4 15 46   20 37  21 58   5 21  6 41    2 13   9 37    3 37  .....    17  14 27.9 -16 59
Wed Dec 21/Thu Dec 22  5917.6    4 19 43   20 38  21 59   5 21  6 42    2 18   9 42    4 30  17 37     9  15 27.6 -19 56
Thu Dec 22/Fri Dec 23  5918.6    4 23 39   20 38  21 59   5 22  6 42    2 22   9 46    5 28  18 42     4  16 29.1 -21 34
Fri Dec 23/Sat Dec 24  5919.6    4 27 36   20 39  22 00   5 22  6 43    2 27   9 51    6 30  19 45     1  17 31.0 -21 44
Sat Dec 24/Sun Dec 25  5920.6    4 31 32   20 39  22 00   5 23  6 44    2 31   9 55   .....  20 43     0  18 31.7 -20 27
Sun Dec 25/Mon Dec 26  5921.6    4 35 29   20 40  22 00   5 23  6 44    2 36  10 00   .....  21 34     2  19 29.7 -17 55
Mon Dec 26/Tue Dec 27  5922.6    4 39 25   20 40  22 01   5 24  6 45    2 40  10 04   .....  22 20     7  20 24.3 -14 24
Tue Dec 27/Wed Dec 28  5923.6    4 43 22   20 40  22 01   5 25  6 45    2 44  10 09   .....  23 01    13  21 15.7 -10 14
Wed Dec 28/Thu Dec 29  5924.6    4 47 18   20 41  22 01   5 25  6 46    2 48  10 14   .....  23 38    21  22 04.2 - 5 40
Thu Dec 29/Fri Dec 30  5925.6    4 51 15   20 41  22 02   5 26  6 46    2 53  10 18   .....   0 12    29  22 50.7 - 0 57
Fri Dec 30/Sat Dec 31  5926.6    4 55 12   20 42  22 02   5 27  6 47    2 57  10 23   .....   0 46    39  23 36.0   3 43
Sat Dec 31/Sun Jan 01  5927.6    4 59 08   20 42  22 02   5 27  6 48    3 01  10 27   .....   1 19    48   0 20.9   8 12
