  Date (eve/morn)      JDmid    LMSTmidn   ---------- Sun: ---------   LST twilight:  ------------- Moon: --------------
  (2017 at start)    (-2450000)            set  twi.end twi.beg rise    eve    morn    rise   set  %illum   RA      Dec
Sat Apr 01/Sun Apr 02  7845.7   12 01 11   18 47  19 56   5 35  6 44    7 56  17 37   .....  22 52    31   5 20.1  18 37
Sun Apr 02/Mon Apr 03  7846.7   12 05 08   18 46  19 55   5 36  6 44    7 59  17 42   .....  23 49    42   6 20.0  19 23
Mon Apr 03/Tue Apr 04  7847.7   12 09 04   18 45  19 54   5 36  6 44    8 02  17 46   .....   0 47    54   7 19.1  18 59
Tue Apr 04/Wed Apr 05  7848.7   12 13 01   18 44  19 53   5 36  6 45    8 05  17 50   .....   1 46    64   8 16.7  17 28
Wed Apr 05/Thu Apr 06  7849.7   12 16 57   18 43  19 52   5 37  6 45    8 08  17 55   .....   2 44    75   9 12.1  15 01
Thu Apr 06/Fri Apr 07  7850.7   12 20 54   18 42  19 51   5 37  6 46    8 11  17 59   .....   3 41    83  10 05.4  11 49
Fri Apr 07/Sat Apr 08  7851.7   12 24 51   18 41  19 50   5 38  6 46    8 14  18 03   16 28   4 36    90  10 56.5   8 06
Sat Apr 08/Sun Apr 09  7852.7   12 28 47   18 40  19 49   5 38  6 46    8 17  18 08   17 07   5 30    96  11 46.0   4 04
Sun Apr 09/Mon Apr 10  7853.7   12 32 44   18 39  19 48   5 38  6 47    8 20  18 12   17 45   6 23    99  12 34.3 - 0 04
Mon Apr 10/Tue Apr 11  7854.7   12 36 40   18 38  19 47   5 39  6 47    8 23  18 16   18 21   7 15   100  13 22.0 - 4 09
Tue Apr 11/Wed Apr 12  7855.7   12 40 37   18 38  19 46   5 39  6 48    8 26  18 21   18 58  .....    99  14 09.4 - 7 58
Wed Apr 12/Thu Apr 13  7856.7   12 44 33   18 37  19 45   5 39  6 48    8 29  18 25   19 35  .....    96  14 57.0 -11 23
Thu Apr 13/Fri Apr 14  7857.7   12 48 30   18 36  19 44   5 40  6 48    8 32  18 29   20 14  .....    92  15 45.2 -14 17
Fri Apr 14/Sat Apr 15  7858.7   12 52 26   18 35  19 43   5 40  6 49    8 35  18 34   20 54  .....    86  16 34.0 -16 32
Sat Apr 15/Sun Apr 16  7859.7   12 56 23   18 34  19 43   5 41  6 49    8 38  18 38   21 37  .....    79  17 23.6 -18 02
Sun Apr 16/Mon Apr 17  7860.7   13 00 20   18 33  19 42   5 41  6 50    8 41  18 42   22 23  .....    70  18 13.7 -18 44
Mon Apr 17/Tue Apr 18  7861.7   13 04 16   18 32  19 41   5 41  6 50    8 45  18 46   23 11  .....    61  19 04.3 -18 35
Tue Apr 18/Wed Apr 19  7862.7   13 08 13   18 31  19 40   5 42  6 51    8 48  18 51    0 02  .....    52  19 55.2 -17 33
Wed Apr 19/Thu Apr 20  7863.7   13 12 09   18 30  19 39   5 42  6 51    8 51  18 55    0 55  .....    42  20 46.2 -15 41
Thu Apr 20/Fri Apr 21  7864.7   13 16 06   18 30  19 39   5 42  6 51    8 54  18 59    1 50  .....    32  21 37.2 -13 00
Fri Apr 21/Sat Apr 22  7865.7   13 20 02   18 29  19 38   5 43  6 52    8 57  19 04    2 47  .....    23  22 28.5 - 9 35
Sat Apr 22/Sun Apr 23  7866.7   13 23 59   18 28  19 37   5 43  6 52    9 00  19 08    3 46  .....    14  23 20.2 - 5 35
Sun Apr 23/Mon Apr 24  7867.7   13 27 55   18 27  19 36   5 43  6 53    9 04  19 12    4 46  16 41     7   0 12.8 - 1 08
Mon Apr 24/Tue Apr 25  7868.7   13 31 52   18 26  19 36   5 44  6 53    9 07  19 17    5 48  17 23     3   1 06.7   3 31
Tue Apr 25/Wed Apr 26  7869.7   13 35 49   18 25  19 35   5 44  6 54    9 10  19 21    6 53  18 08     0   2 02.3   8 06
Wed Apr 26/Thu Apr 27  7870.7   13 39 45   18 25  19 34   5 45  6 54    9 13  19 25   .....  18 56     1   2 59.9  12 16
Thu Apr 27/Fri Apr 28  7871.7   13 43 42   18 24  19 34   5 45  6 55    9 16  19 30   .....  19 47     4   3 59.6  15 43
Fri Apr 28/Sat Apr 29  7872.7   13 47 38   18 23  19 33   5 45  6 55    9 20  19 34   .....  20 41    10   5 00.7  18 08
Sat Apr 29/Sun Apr 30  7873.7   13 51 35   18 22  19 32   5 46  6 56    9 23  19 38   .....  21 39    18   6 02.3  19 20
Sun Apr 30/Mon May 01  7874.7   13 55 31   18 22  19 32   5 46  6 56    9 26  19 42   .....  22 39    28   7 03.2  19 17
