  Date (eve/morn)      JDmid    LMSTmidn   ---------- Sun: ---------   LST twilight:  ------------- Moon: --------------
  (2013 at start)    (-2450000)            set  twi.end twi.beg rise    eve    morn    rise   set  %illum   RA      Dec
Fri Mar 01/Sat Mar 02  6353.6    8 58 41   20 18  21 28   6 20  7 30    6 27  15 19   22 36  .....    79  14 14.6 -14 07
Sat Mar 02/Sun Mar 03  6354.6    9 02 37   20 17  21 27   6 20  7 30    6 29  15 24   23 24  .....    69  15 11.5 -17 09
Sun Mar 03/Mon Mar 04  6355.6    9 06 34   20 16  21 26   6 21  7 31    6 32  15 28    0 16  .....    58  16 10.2 -19 08
Mon Mar 04/Tue Mar 05  6356.6    9 10 30   20 15  21 25   6 21  7 31    6 35  15 33    1 12  .....    47  17 09.9 -19 54
Tue Mar 05/Wed Mar 06  6357.6    9 14 27   20 14  21 24   6 22  7 32    6 38  15 38    2 12  .....    36  18 09.7 -19 24
Wed Mar 06/Thu Mar 07  6358.6    9 18 24   20 13  21 23   6 23  7 32    6 41  15 42    3 14  .....    25  19 08.5 -17 40
Thu Mar 07/Fri Mar 08  6359.6    9 22 20   20 12  21 22   6 23  7 33    6 44  15 47    4 17  17 05    16  20 05.7 -14 51
Fri Mar 08/Sat Mar 09  6360.6    9 26 17   20 11  21 21   6 24  7 33    6 47  15 51    5 18  17 52     9  21 00.7 -11 11
Sat Mar 09/Sun Mar 10* 6361.6    9 30 13   20 11  21 20   5 24  6 34    6 50  15 56    5 18  18 35     4  21 53.7 - 6 56
Sun Mar 10/Mon Mar 11  6362.7   10 34 20   19 10  20 19   5 25  6 34    6 52  16 00    6 17  18 16     1  22 47.9 - 2 10
Mon Mar 11/Tue Mar 12  6363.7   10 38 16   19 09  20 18   5 25  6 35    6 55  16 05   .....  18 55     0  23 37.9   2 27
Tue Mar 12/Wed Mar 13  6364.7   10 42 13   19 08  20 17   5 26  6 35    6 58  16 09   .....  19 34     2   0 27.0   6 53
Wed Mar 13/Thu Mar 14  6365.7   10 46 09   19 07  20 15   5 27  6 35    7 01  16 14   .....  20 13     6   1 16.0  10 55
Thu Mar 14/Fri Mar 15  6366.7   10 50 06   19 06  20 14   5 27  6 36    7 04  16 18   .....  20 53    11   2 05.1  14 25
Fri Mar 15/Sat Mar 16  6367.7   10 54 02   19 05  20 13   5 28  6 36    7 07  16 22   .....  21 34    18   2 54.5  17 13
Sat Mar 16/Sun Mar 17  6368.7   10 57 59   19 03  20 12   5 28  6 37    7 10  16 27   .....  22 18    26   3 44.4  19 14
Sun Mar 17/Mon Mar 18  6369.7   11 01 55   19 02  20 11   5 29  6 37    7 12  16 31   .....  23 03    35   4 34.7  20 24
Mon Mar 18/Tue Mar 19  6370.7   11 05 52   19 01  20 10   5 29  6 38    7 15  16 36   .....  23 51    44   5 25.2  20 41
Tue Mar 19/Wed Mar 20  6371.7   11 09 49   19 00  20 09   5 30  6 38    7 18  16 40   .....   0 40    53   6 15.6  20 04
Wed Mar 20/Thu Mar 21  6372.7   11 13 45   18 59  20 08   5 30  6 39    7 21  16 45   .....   1 31    63   7 05.9  18 33
Thu Mar 21/Fri Mar 22  6373.7   11 17 42   18 58  20 07   5 30  6 39    7 24  16 49   .....   2 24    72   7 55.9  16 12
Fri Mar 22/Sat Mar 23  6374.7   11 21 38   18 57  20 06   5 31  6 39    7 27  16 53   .....   3 17    80   8 45.7  13 05
Sat Mar 23/Sun Mar 24  6375.7   11 25 35   18 56  20 05   5 31  6 40    7 30  16 58   .....   4 11    88   9 35.4   9 19
Sun Mar 24/Mon Mar 25  6376.7   11 29 31   18 55  20 04   5 32  6 40    7 33  17 02   16 47   5 07    94  10 25.4   5 00
Mon Mar 25/Tue Mar 26  6377.7   11 33 28   18 54  20 03   5 32  6 41    7 35  17 07   17 26   6 04    98  11 16.2   0 21
Tue Mar 26/Wed Mar 27  6378.7   11 37 24   18 53  20 02   5 33  6 41    7 38  17 11   18 05   7 03   100  12 08.4 - 4 25
Wed Mar 27/Thu Mar 28  6379.7   11 41 21   18 52  20 01   5 33  6 41    7 41  17 15   18 47  .....    99  13 02.5 - 9 02
Thu Mar 28/Fri Mar 29  6380.7   11 45 18   18 51  20 00   5 34  6 42    7 44  17 20   19 31  .....    96  13 58.8 -13 11
Fri Mar 29/Sat Mar 30  6381.7   11 49 14   18 50  19 59   5 34  6 42    7 47  17 24   20 19  .....    90  14 57.3 -16 33
Sat Mar 30/Sun Mar 31  6382.7   11 53 11   18 49  19 58   5 34  6 43    7 50  17 28   21 11  .....    82  15 57.6 -18 50
Sun Mar 31/Mon Apr 01  6383.7   11 57 07   18 48  19 57   5 35  6 43    7 53  17 33   22 08  .....    72  16 58.9 -19 52
