  Date (eve/morn)      JDmid    LMSTmidn   ---------- Sun: ---------   LST twilight:  ------------- Moon: --------------
  (2023 at start)    (-2450000)            set  twi.end twi.beg rise    eve    morn    rise   set  %illum   RA      Dec
Sun Jan 01/Mon Jan 02  9946.6    5 04 24   20 42  22 02   5 28  6 49    3 06  10 34   .....   3 35    79   2 58.9  18 14
Mon Jan 02/Tue Jan 03  9947.6    5 08 21   20 42  22 03   5 29  6 49    3 11  10 38   .....   4 14    87   3 49.2  22 24
Tue Jan 03/Wed Jan 04  9948.6    5 12 17   20 43  22 03   5 30  6 50    3 15  10 43   17 57   4 57    93   4 41.4  25 32
Wed Jan 04/Thu Jan 05  9949.6    5 16 14   20 43  22 03   5 31  6 51    3 19  10 48   18 53   5 44    97   5 35.2  27 28
Thu Jan 05/Fri Jan 06  9950.6    5 20 10   20 43  22 03   5 32  6 51    3 23  10 53   19 47  .....    99   6 29.7  28 07
Fri Jan 06/Sat Jan 07  9951.6    5 24 07   20 43  22 03   5 32  6 52    3 27  10 58   20 37  .....   100   7 23.8  27 26
Sat Jan 07/Sun Jan 08  9952.6    5 28 03   20 43  22 03   5 33  6 53    3 31  11 02   21 23  .....    98   8 16.5  25 32
Sun Jan 08/Mon Jan 09  9953.6    5 32 00   20 43  22 03   5 34  6 54    3 35  11 07   22 04  .....    95   9 06.9  22 32
Mon Jan 09/Tue Jan 10  9954.6    5 35 57   20 44  22 03   5 35  6 54    3 38  11 12   22 41  .....    91   9 54.9  18 37
Tue Jan 10/Wed Jan 11  9955.6    5 39 53   20 44  22 03   5 36  6 55    3 42  11 17   23 15  .....    85  10 40.7  14 00
Wed Jan 11/Thu Jan 12  9956.6    5 43 50   20 44  22 03   5 37  6 56    3 46  11 22   23 46  .....    77  11 25.0   8 51
Thu Jan 12/Fri Jan 13  9957.6    5 47 46   20 44  22 03   5 38  6 57    3 50  11 27    0 16  .....    69  12 08.6   3 21
Fri Jan 13/Sat Jan 14  9958.6    5 51 43   20 44  22 02   5 39  6 57    3 54  11 31    0 47  .....    59  12 52.6 - 2 21
Sat Jan 14/Sun Jan 15  9959.6    5 55 39   20 44  22 02   5 40  6 58    3 57  11 36    1 18  .....    49  13 38.0 - 8 03
Sun Jan 15/Mon Jan 16  9960.6    5 59 36   20 44  22 02   5 41  6 59    4 01  11 41    1 53  .....    39  14 26.1 -13 33
Mon Jan 16/Tue Jan 17  9961.6    6 03 32   20 44  22 02   5 42  7 00    4 05  11 46    2 33  .....    29  15 18.1 -18 33
Tue Jan 17/Wed Jan 18  9962.6    6 07 29   20 43  22 01   5 43  7 00    4 09  11 51    3 19  .....    19  16 14.8 -22 41
Wed Jan 18/Thu Jan 19  9963.6    6 11 26   20 43  22 01   5 43  7 01    4 12  11 56    4 14  17 47    11  17 16.4 -25 32
Thu Jan 19/Fri Jan 20  9964.6    6 15 22   20 43  22 01   5 44  7 02    4 16  12 01    5 18  18 56     5  18 21.9 -26 40
Fri Jan 20/Sat Jan 21  9965.6    6 19 19   20 43  22 00   5 45  7 03    4 19  12 06    6 29  20 01     1  19 28.8 -25 50
Sat Jan 21/Sun Jan 22  9966.6    6 23 15   20 43  22 00   5 46  7 04    4 23  12 11   .....  21 00     0  20 34.4 -23 02
Sun Jan 22/Mon Jan 23  9967.6    6 27 12   20 42  21 59   5 47  7 04    4 26  12 15   .....  21 52     2  21 36.4 -18 36
Mon Jan 23/Tue Jan 24  9968.6    6 31 08   20 42  21 59   5 48  7 05    4 30  12 20   .....  22 36     7  22 34.1 -13 00
Tue Jan 24/Wed Jan 25  9969.6    6 35 05   20 42  21 59   5 49  7 06    4 33  12 25   .....  23 15    15  23 27.8 - 6 44
Wed Jan 25/Thu Jan 26  9970.6    6 39 01   20 42  21 58   5 50  7 07    4 37  12 30   .....  23 51    24   0 18.6 - 0 16
Thu Jan 26/Fri Jan 27  9971.6    6 42 58   20 41  21 58   5 51  7 07    4 40  12 35   .....   0 25    34   1 07.6   6 03
Fri Jan 27/Sat Jan 28  9972.6    6 46 55   20 41  21 57   5 52  7 08    4 44  12 40   .....   0 59    44   1 56.0  11 57
Sat Jan 28/Sun Jan 29  9973.6    6 50 51   20 41  21 56   5 53  7 09    4 47  12 45   .....   1 35    54   2 44.9  17 12
Sun Jan 29/Mon Jan 30  9974.6    6 54 48   20 40  21 56   5 54  7 10    4 50  12 50   .....   2 13    64   3 35.1  21 37
Mon Jan 30/Tue Jan 31  9975.6    6 58 44   20 40  21 55   5 55  7 10    4 54  12 55   .....   2 55    73   4 26.9  25 00
Tue Jan 31/Wed Feb 01  9976.6    7 02 41   20 39  21 55   5 56  7 11    4 57  13 00   .....   3 41    81   5 20.2  27 14
