  Date (eve/morn)      JDmid    LMSTmidn   ---------- Sun: ---------   LST twilight:  ------------- Moon: --------------
  (2021 at start)    (-2450000)            set  twi.end twi.beg rise    eve    morn    rise   set  %illum   RA      Dec
Mon Nov 01/Tue Nov 02  9520.6    1 04 52   20 04  21 18   5 32  6 46   22 22   6 38    5 18  .....    11  12 16.2   3 37
Tue Nov 02/Wed Nov 03  9521.6    1 08 48   20 05  21 19   5 31  6 45   22 27   6 41    5 55  17 55     5  13 07.0 - 2 37
Wed Nov 03/Thu Nov 04  9522.6    1 12 45   20 06  21 20   5 31  6 45   22 32   6 44    6 35  18 59     1  13 59.7 - 8 52
Thu Nov 04/Fri Nov 05  9523.6    1 16 41   20 06  21 20   5 30  6 44   22 37   6 47   .....  20 05     0  14 55.3 -14 44
Fri Nov 05/Sat Nov 06  9524.6    1 20 38   20 07  21 21   5 29  6 43   22 41   6 50   .....  21 15     2  15 54.4 -19 45
Sat Nov 06/Sun Nov 07  9525.6    1 24 34   20 07  21 22   5 28  6 43   22 46   6 54   .....  22 26     7  16 56.9 -23 28
Sun Nov 07/Mon Nov 08  9526.6    1 28 31   20 08  21 23   5 27  6 42   22 51   6 57   .....  23 35    14  18 01.5 -25 31
Mon Nov 08/Tue Nov 09  9527.6    1 32 27   20 09  21 24   5 27  6 42   22 56   7 00   .....   0 39    24  19 06.3 -25 45
Tue Nov 09/Wed Nov 10  9528.6    1 36 24   20 10  21 25   5 26  6 41   23 01   7 03   .....   1 36    34  20 08.9 -24 14
Wed Nov 10/Thu Nov 11  9529.6    1 40 21   20 10  21 26   5 25  6 41   23 06   7 07   .....   2 24    45  21 07.8 -21 14
Thu Nov 11/Fri Nov 12  9530.6    1 44 17   20 11  21 27   5 25  6 40   23 10   7 10   .....   3 06    56  22 02.6 -17 07
Fri Nov 12/Sat Nov 13  9531.6    1 48 14   20 12  21 27   5 24  6 40   23 15   7 13   .....   3 43    66  22 53.4 -12 14
Sat Nov 13/Sun Nov 14  9532.6    1 52 10   20 12  21 28   5 23  6 39   23 20   7 17   .....   4 17    76  23 41.3 - 6 53
Sun Nov 14/Mon Nov 15  9533.6    1 56 07   20 13  21 29   5 23  6 39   23 25   7 20   .....   4 48    84   0 27.1 - 1 20
Mon Nov 15/Tue Nov 16  9534.6    2 00 03   20 14  21 30   5 22  6 39   23 30   7 23   .....   5 19    91   1 12.0   4 12
Tue Nov 16/Wed Nov 17  9535.6    2 04 00   20 14  21 31   5 22  6 38   23 35   7 27   17 50   5 51    95   1 56.8   9 31
Wed Nov 17/Thu Nov 18  9536.6    2 07 56   20 15  21 32   5 21  6 38   23 40   7 30   18 42   6 24    99   2 42.5  14 27
Thu Nov 18/Fri Nov 19  9537.6    2 11 53   20 16  21 33   5 21  6 38   23 44   7 34   19 34  .....   100   3 29.6  18 47
Fri Nov 19/Sat Nov 20  9538.6    2 15 50   20 17  21 34   5 20  6 38   23 49   7 37   20 28  .....    99   4 18.6  22 21
Sat Nov 20/Sun Nov 21  9539.6    2 19 46   20 17  21 35   5 20  6 37   23 54   7 41   21 22  .....    97   5 09.4  24 58
Sun Nov 21/Mon Nov 22  9540.6    2 23 43   20 18  21 36   5 19  6 37   23 59   7 44   22 15  .....    93   6 01.8  26 29
Mon Nov 22/Tue Nov 23  9541.6    2 27 39   20 19  21 37   5 19  6 37    0 04   7 48   23 07  .....    88   6 55.0  26 48
Tue Nov 23/Wed Nov 24  9542.6    2 31 36   20 20  21 38   5 19  6 37    0 09   7 51   23 56  .....    81   7 48.2  25 54
Wed Nov 24/Thu Nov 25  9543.6    2 35 32   20 20  21 38   5 18  6 37    0 14   7 55    0 41  .....    72   8 40.5  23 50
Thu Nov 25/Fri Nov 26  9544.6    2 39 29   20 21  21 39   5 18  6 36    0 18   7 59    1 22  .....    63   9 31.4  20 40
Fri Nov 26/Sat Nov 27  9545.6    2 43 25   20 22  21 40   5 18  6 36    0 23   8 02    2 01  .....    53  10 21.0  16 32
Sat Nov 27/Sun Nov 28  9546.6    2 47 22   20 23  21 41   5 18  6 36    0 28   8 06    2 37  .....    43  11 09.6  11 37
Sun Nov 28/Mon Nov 29  9547.6    2 51 19   20 23  21 42   5 17  6 36    0 33   8 10    3 13  .....    33  11 57.8   6 04
Mon Nov 29/Tue Nov 30  9548.6    2 55 15   20 24  21 43   5 17  6 36    0 38   8 13    3 48  .....    23  12 46.7   0 06
Tue Nov 30/Wed Dec 01  9549.6    2 59 12   20 25  21 44   5 17  6 36    0 43   8 17    4 25  .....    14  13 37.2 - 6 03
