  Date (eve/morn)      JDmid    LMSTmidn   ---------- Sun: ---------   LST twilight:  ------------- Moon: --------------
  (2019 at start)    (-2450000)            set  twi.end twi.beg rise    eve    morn    rise   set  %illum   RA      Dec
Mon Jul 01/Tue Jul 02  8666.7   17 58 03   18 12  19 26   6 05  7 19   13 23   0 04    7 01  17 18     1   6 06.5  22 00
Tue Jul 02/Wed Jul 03  8667.7   18 02 00   18 13  19 26   6 05  7 19   13 27   0 08    8 02  18 16     0   7 07.7  22 23
Wed Jul 03/Thu Jul 04  8668.7   18 05 56   18 13  19 26   6 06  7 19   13 31   0 12   .....  19 20     2   8 09.5  21 19
Thu Jul 04/Fri Jul 05  8669.7   18 09 53   18 14  19 27   6 06  7 19   13 36   0 16   .....  20 25     7   9 10.5  18 50
Fri Jul 05/Sat Jul 06  8670.7   18 13 49   18 14  19 27   6 06  7 19   13 40   0 20   .....  21 31    15  10 09.3  15 10
Sat Jul 06/Sun Jul 07  8671.7   18 17 46   18 14  19 27   6 06  7 18   13 44   0 24   .....  22 35    24  11 05.7  10 36
Sun Jul 07/Mon Jul 08  8672.7   18 21 42   18 15  19 28   6 06  7 18   13 49   0 28   .....  23 38    35  11 59.8   5 29
Mon Jul 08/Tue Jul 09  8673.7   18 25 39   18 15  19 28   6 06  7 18   13 53   0 32   .....   0 39    46  12 52.2   0 09
Tue Jul 09/Wed Jul 10  8674.7   18 29 36   18 15  19 28   6 06  7 18   13 57   0 36   .....   1 38    57  13 43.9 - 5 06
Wed Jul 10/Thu Jul 11  8675.7   18 33 32   18 16  19 29   6 05  7 18   14 01   0 40   .....   2 37    68  14 35.5 -10 02
Thu Jul 11/Fri Jul 12  8676.7   18 37 29   18 16  19 29   6 05  7 18   14 06   0 44   .....   3 36    78  15 27.9 -14 23
Fri Jul 12/Sat Jul 13  8677.7   18 41 25   18 17  19 29   6 05  7 18   14 10   0 48   .....   4 34    86  16 21.2 -17 56
Sat Jul 13/Sun Jul 14  8678.7   18 45 22   18 17  19 30   6 05  7 18   14 14   0 52   .....   5 31    92  17 15.6 -20 31
Sun Jul 14/Mon Jul 15  8679.7   18 49 18   18 18  19 30   6 05  7 17   14 19   0 55   16 16   6 26    97  18 10.5 -21 59
Mon Jul 15/Tue Jul 16  8680.7   18 53 15   18 18  19 30   6 05  7 17   14 23   0 59   17 07   7 18    99  19 05.4 -22 19
Tue Jul 16/Wed Jul 17  8681.7   18 57 11   18 18  19 31   6 05  7 17   14 27   1 03   17 59  .....   100  19 59.2 -21 30
Wed Jul 17/Thu Jul 18  8682.7   19 01 08   18 19  19 31   6 04  7 17   14 31   1 07   18 52  .....    98  20 51.3 -19 41
Thu Jul 18/Fri Jul 19  8683.7   19 05 05   18 19  19 31   6 04  7 16   14 36   1 10   19 45  .....    95  21 41.3 -16 58
Fri Jul 19/Sat Jul 20  8684.7   19 09 01   18 20  19 32   6 04  7 16   14 40   1 14   20 37  .....    90  22 29.2 -13 34
Sat Jul 20/Sun Jul 21  8685.7   19 12 58   18 20  19 32   6 04  7 16   14 44   1 18   21 29  .....    83  23 15.2 - 9 39
Sun Jul 21/Mon Jul 22  8686.7   19 16 54   18 21  19 32   6 04  7 15   14 49   1 21   22 19  .....    76   0 00.0 - 5 22
Mon Jul 22/Tue Jul 23  8687.7   19 20 51   18 21  19 33   6 03  7 15   14 53   1 25   23 09  .....    67   0 44.3 - 0 53
Tue Jul 23/Wed Jul 24  8688.7   19 24 47   18 21  19 33   6 03  7 15   14 57   1 29   24 00  .....    58   1 28.8   3 41
Wed Jul 24/Thu Jul 25  8689.7   19 28 44   18 22  19 33   6 03  7 14   15 01   1 32    0 52  .....    48   2 14.4   8 10
Thu Jul 25/Fri Jul 26  8690.7   19 32 40   18 22  19 34   6 02  7 14   15 06   1 36    1 46  .....    38   3 02.0  12 25
Fri Jul 26/Sat Jul 27  8691.7   19 36 37   18 23  19 34   6 02  7 13   15 10   1 40    2 42  .....    28   3 52.3  16 13
Sat Jul 27/Sun Jul 28  8692.7   19 40 34   18 23  19 35   6 02  7 13   15 14   1 43    3 41  .....    19   4 46.0  19 20
Sun Jul 28/Mon Jul 29  8693.7   19 44 30   18 24  19 35   6 01  7 12   15 19   1 47    4 43  .....    12   5 43.2  21 29
Mon Jul 29/Tue Jul 30  8694.7   19 48 27   18 24  19 35   6 01  7 12   15 23   1 50    5 44  .....     5   6 43.3  22 25
Tue Jul 30/Wed Jul 31  8695.7   19 52 23   18 25  19 36   6 00  7 11   15 27   1 54    6 44  17 00     1   7 45.3  21 54
Wed Jul 31/Thu Aug 01  8696.7   19 56 20   18 25  19 36   6 00  7 11   15 32   1 57    7 40  18 05     0   8 47.5  19 55
