  Date (eve/morn)      JDmid    LMSTmidn   ---------- Sun: ---------   LST twilight:  ------------- Moon: --------------
  (2011 at start)    (-2450000)            set  twi.end twi.beg rise    eve    morn    rise   set  %illum   RA      Dec
Wed Jun 01/Thu Jun 02  5714.7   15 59 32   18 08  19 21   5 58  7 11   11 20  21 58    7 49  18 03     0   4 52.3  23 23
Thu Jun 02/Fri Jun 03  5715.7   16 03 28   18 08  19 21   5 58  7 11   11 24  22 03   .....  18 57     2   5 47.5  23 06
Fri Jun 03/Sat Jun 04  5716.7   16 07 25   18 08  19 21   5 59  7 12   11 28  22 07   .....  19 54     5   6 43.0  21 35
Sat Jun 04/Sun Jun 05  5717.7   16 11 21   18 08  19 21   5 59  7 12   11 32  22 11   .....  20 53    11   7 37.9  18 54
Sun Jun 05/Mon Jun 06  5718.7   16 15 18   18 08  19 21   5 59  7 12   11 36  22 16   .....  21 54    19   8 31.7  15 11
Mon Jun 06/Tue Jun 07  5719.7   16 19 14   18 08  19 21   6 00  7 13   11 40  22 20   .....  22 54    28   9 24.3  10 37
Tue Jun 07/Wed Jun 08  5720.7   16 23 11   18 08  19 21   6 00  7 13   11 43  22 24   .....  23 54    39  10 16.1   5 27
Wed Jun 08/Thu Jun 09  5721.7   16 27 08   18 08  19 21   6 00  7 13   11 47  22 28   .....   0 54    50  11 07.8 - 0 05
Thu Jun 09/Fri Jun 10  5722.7   16 31 04   18 08  19 21   6 01  7 14   11 51  22 33   .....   1 55    62  12 00.3 - 5 42
Fri Jun 10/Sat Jun 11  5723.7   16 35 01   18 08  19 21   6 01  7 14   11 56  22 37   .....   2 58    73  12 54.5 -11 04
Sat Jun 11/Sun Jun 12  5724.7   16 38 57   18 08  19 21   6 01  7 15   12 00  22 41   .....   4 02    82  13 51.1 -15 51
Sun Jun 12/Mon Jun 13  5725.7   16 42 54   18 08  19 21   6 02  7 15   12 04  22 46   .....   5 08    90  14 50.4 -19 41
Mon Jun 13/Tue Jun 14  5726.7   16 46 50   18 08  19 22   6 02  7 15   12 08  22 50   15 58   6 12    96  15 51.9 -22 16
Tue Jun 14/Wed Jun 15  5727.7   16 50 47   18 08  19 22   6 02  7 16   12 12  22 54   16 54   7 14    99  16 54.4 -23 21
Wed Jun 15/Thu Jun 16  5728.7   16 54 43   18 09  19 22   6 02  7 16   12 16  22 58   17 53  .....   100  17 56.1 -22 54
Thu Jun 16/Fri Jun 17  5729.7   16 58 40   18 09  19 22   6 03  7 16   12 20  23 02   18 54  .....    98  18 55.4 -21 02
Fri Jun 17/Sat Jun 18  5730.7   17 02 37   18 09  19 22   6 03  7 16   12 24  23 07   19 55  .....    93  19 51.2 -18 02
Sat Jun 18/Sun Jun 19  5731.7   17 06 33   18 09  19 22   6 03  7 17   12 28  23 11   20 53  .....    87  20 43.4 -14 12
Sun Jun 19/Mon Jun 20  5732.7   17 10 30   18 09  19 23   6 03  7 17   12 32  23 15   21 48  .....    80  21 32.2 - 9 49
Mon Jun 20/Tue Jun 21  5733.7   17 14 26   18 09  19 23   6 04  7 17   12 36  23 19   22 41  .....    71  22 18.5 - 5 09
Tue Jun 21/Wed Jun 22  5734.7   17 18 23   18 10  19 23   6 04  7 17   12 41  23 23   23 32  .....    62  23 03.1 - 0 23
Wed Jun 22/Thu Jun 23  5735.7   17 22 19   18 10  19 23   6 04  7 17   12 45  23 27    0 22  .....    52  23 46.9   4 20
Thu Jun 23/Fri Jun 24  5736.7   17 26 16   18 10  19 23   6 04  7 18   12 49  23 32    1 13  .....    43   0 30.8   8 50
Fri Jun 24/Sat Jun 25  5737.7   17 30 12   18 10  19 24   6 05  7 18   12 53  23 36    2 03  .....    34   1 15.7  13 01
Sat Jun 25/Sun Jun 26  5738.7   17 34 09   18 11  19 24   6 05  7 18   12 57  23 40    2 56  .....    25   2 02.3  16 43
Sun Jun 26/Mon Jun 27  5739.7   17 38 06   18 11  19 24   6 05  7 18   13 02  23 44    3 49  .....    17   2 51.1  19 46
Mon Jun 27/Tue Jun 28  5740.7   17 42 02   18 11  19 24   6 05  7 18   13 06  23 48    4 44  .....    10   3 42.4  22 00
Tue Jun 28/Wed Jun 29  5741.7   17 45 59   18 11  19 25   6 05  7 18   13 10  23 52    5 39  .....     5   4 36.0  23 14
Wed Jun 29/Thu Jun 30  5742.7   17 49 55   18 12  19 25   6 05  7 18   13 14  23 56    6 33  16 47     2   5 31.3  23 18
Thu Jun 30/Fri Jul 01  5743.7   17 53 52   18 12  19 25   6 05  7 18   13 18   0 00    7 25  17 44     0   6 27.4  22 08
