  Date (eve/morn)      JDmid    LMSTmidn   ---------- Sun: ---------   LST twilight:  ------------- Moon: --------------
  (2017 at start)    (-2450000)            set  twi.end twi.beg rise    eve    morn    rise   set  %illum   RA      Dec
Wed Feb 01/Thu Feb 02  7786.6    7 08 25   20 39  21 54   5 57  7 12    5 02  13 07   .....  24 00    27   1 03.7   3 39
Thu Feb 02/Fri Feb 03  7787.6    7 12 21   20 38  21 53   5 58  7 13    5 05  13 12   .....   0 42    38   1 57.0   7 59
Fri Feb 03/Sat Feb 04  7788.6    7 16 18   20 38  21 52   5 59  7 14    5 08  13 16   .....   1 27    49   2 51.9  11 58
Sat Feb 04/Sun Feb 05  7789.6    7 20 14   20 37  21 51   6 00  7 14    5 11  13 21   .....   2 15    60   3 48.8  15 21
Sun Feb 05/Mon Feb 06  7790.6    7 24 11   20 37  21 51   6 01  7 15    5 14  13 26   .....   3 07    71   4 47.7  17 51
Mon Feb 06/Tue Feb 07  7791.6    7 28 07   20 36  21 50   6 02  7 16    5 18  13 31   .....   4 02    81   5 48.3  19 16
Tue Feb 07/Wed Feb 08  7792.6    7 32 04   20 35  21 49   6 03  7 16    5 21  13 36   17 32   5 01    89   6 49.4  19 29
Wed Feb 08/Thu Feb 09  7793.6    7 36 00   20 35  21 48   6 04  7 17    5 24  13 41   18 29   6 02    95   7 50.0  18 28
Thu Feb 09/Fri Feb 10  7794.6    7 39 57   20 34  21 47   6 04  7 18    5 27  13 45   19 21  .....    99   8 48.9  16 20
Fri Feb 10/Sat Feb 11  7795.6    7 43 54   20 33  21 47   6 05  7 18    5 30  13 50   20 09  .....   100   9 45.4  13 18
Sat Feb 11/Sun Feb 12  7796.6    7 47 50   20 33  21 46   6 06  7 19    5 33  13 55   20 54  .....    98  10 39.1   9 39
Sun Feb 12/Mon Feb 13  7797.6    7 51 47   20 32  21 45   6 07  7 20    5 36  14 00   21 35  .....    95  11 30.4   5 38
Mon Feb 13/Tue Feb 14  7798.6    7 55 43   20 31  21 44   6 08  7 20    5 39  14 05   22 13  .....    89  12 19.5   1 30
Tue Feb 14/Wed Feb 15  7799.6    7 59 40   20 31  21 43   6 09  7 21    5 42  14 09   22 50  .....    82  13 07.3 - 2 34
Wed Feb 15/Thu Feb 16  7800.6    8 03 36   20 30  21 42   6 09  7 22    5 45  14 14   23 27  .....    74  13 54.1 - 6 24
Thu Feb 16/Fri Feb 17  7801.6    8 07 33   20 29  21 41   6 10  7 22    5 48  14 19    0 04  .....    65  14 40.7 - 9 52
Fri Feb 17/Sat Feb 18  7802.6    8 11 29   20 28  21 40   6 11  7 23    5 51  14 24    0 42  .....    56  15 27.6 -12 52
Sat Feb 18/Sun Feb 19  7803.6    8 15 26   20 28  21 39   6 12  7 24    5 54  14 28    1 22  .....    47  16 15.2 -15 17
Sun Feb 19/Mon Feb 20  7804.6    8 19 23   20 27  21 38   6 13  7 24    5 57  14 33    2 05  .....    37  17 03.7 -17 03
Mon Feb 20/Tue Feb 21  7805.6    8 23 19   20 26  21 37   6 13  7 25    6 00  14 38    2 50  .....    28  17 53.4 -18 03
Tue Feb 21/Wed Feb 22  7806.6    8 27 16   20 25  21 36   6 14  7 25    6 03  14 42    3 39  .....    20  18 44.1 -18 14
Wed Feb 22/Thu Feb 23  7807.6    8 31 12   20 24  21 35   6 15  7 26    6 06  14 47    4 31  17 33    13  19 35.6 -17 32
Thu Feb 23/Fri Feb 24  7808.6    8 35 09   20 23  21 34   6 16  7 26    6 09  14 52    5 26  18 20     7  20 27.7 -15 56
Fri Feb 24/Sat Feb 25  7809.6    8 39 05   20 23  21 33   6 16  7 27    6 12  14 56    6 23  19 06     3  21 20.0 -13 29
Sat Feb 25/Sun Feb 26  7810.6    8 43 02   20 22  21 32   6 17  7 28    6 15  15 01   .....  19 50     0  22 12.3 -10 15
Sun Feb 26/Mon Feb 27  7811.6    8 46 58   20 21  21 31   6 18  7 28    6 18  15 06   .....  20 33     0  23 04.6 - 6 24
Mon Feb 27/Tue Feb 28  7812.6    8 50 55   20 20  21 30   6 18  7 29    6 21  15 10   .....  21 15     3  23 57.1 - 2 06
Tue Feb 28/Wed Mar 01  7813.6    8 54 52   20 19  21 29   6 19  7 29    6 24  15 15   .....  21 58     8   0 50.0   2 25
