  Date (eve/morn)      JDmid    LMSTmidn   ---------- Sun: ---------   LST twilight:  ------------- Moon: --------------
  (2017 at start)    (-2450000)            set  twi.end twi.beg rise    eve    morn    rise   set  %illum   RA      Dec
Sun Jan 01/Mon Jan 02  7755.6    5 06 11   20 42  22 03   5 29  6 49    3 08  10 36   .....  23 15    14  21 49.6 -11 38
Mon Jan 02/Tue Jan 03  7756.6    5 10 08   20 43  22 03   5 30  6 50    3 12  10 41   .....  23 56    22  22 40.6 - 8 05
Tue Jan 03/Wed Jan 04  7757.6    5 14 04   20 43  22 03   5 30  6 50    3 17  10 45   .....   0 37    31  23 31.6 - 4 02
Wed Jan 04/Thu Jan 05  7758.6    5 18 01   20 43  22 03   5 31  6 51    3 21  10 50   .....   1 17    42   0 23.1   0 20
Thu Jan 05/Fri Jan 06  7759.6    5 21 58   20 43  22 03   5 32  6 52    3 25  10 55   .....   1 59    53   1 15.7   4 49
Fri Jan 06/Sat Jan 07  7760.6    5 25 54   20 43  22 03   5 33  6 52    3 29  11 00   .....   2 43    64   2 10.2   9 10
Sat Jan 07/Sun Jan 08  7761.6    5 29 51   20 43  22 03   5 34  6 53    3 32  11 04   .....   3 30    75   3 07.1  13 07
Sun Jan 08/Mon Jan 09  7762.6    5 33 47   20 44  22 03   5 35  6 54    3 36  11 09   .....   4 21    84   4 06.6  16 21
Mon Jan 09/Tue Jan 10  7763.6    5 37 44   20 44  22 03   5 36  6 55    3 40  11 14   17 42   5 16    92   5 08.3  18 35
Tue Jan 10/Wed Jan 11  7764.6    5 41 40   20 44  22 03   5 36  6 55    3 44  11 19   18 45   6 15    97   6 11.4  19 35
Wed Jan 11/Thu Jan 12  7765.6    5 45 37   20 44  22 03   5 37  6 56    3 48  11 24   19 46  .....   100   7 14.3  19 16
Thu Jan 12/Fri Jan 13  7766.6    5 49 33   20 44  22 02   5 38  6 57    3 52  11 29   20 42  .....    99   8 15.5  17 42
Fri Jan 13/Sat Jan 14  7767.6    5 53 30   20 44  22 02   5 39  6 58    3 55  11 34   21 33  .....    96   9 14.0  15 06
Sat Jan 14/Sun Jan 15  7768.6    5 57 27   20 44  22 02   5 40  6 59    3 59  11 38   22 20  .....    91  10 09.1  11 45
Sun Jan 15/Mon Jan 16  7769.6    6 01 23   20 44  22 02   5 41  6 59    4 03  11 43   23 02  .....    84  11 01.1   7 56
Mon Jan 16/Tue Jan 17  7770.6    6 05 20   20 43  22 02   5 42  7 00    4 07  11 48   23 41  .....    76  11 50.5   3 54
Tue Jan 17/Wed Jan 18  7771.6    6 09 16   20 43  22 01   5 43  7 01    4 10  11 53    0 18  .....    67  12 38.0 - 0 10
Wed Jan 18/Thu Jan 19  7772.6    6 13 13   20 43  22 01   5 44  7 02    4 14  11 58    0 54  .....    57  13 24.2 - 4 04
Thu Jan 19/Fri Jan 20  7773.6    6 17 09   20 43  22 01   5 45  7 02    4 17  12 03    1 30  .....    48  14 10.0 - 7 43
Fri Jan 20/Sat Jan 21  7774.6    6 21 06   20 43  22 00   5 46  7 03    4 21  12 08    2 07  .....    38  14 56.0 -10 59
Sat Jan 21/Sun Jan 22  7775.6    6 25 02   20 43  22 00   5 47  7 04    4 24  12 13    2 46  .....    30  15 42.6 -13 46
Sun Jan 22/Mon Jan 23  7776.6    6 28 59   20 42  21 59   5 48  7 05    4 28  12 18    3 27  .....    21  16 30.3 -15 58
Mon Jan 23/Tue Jan 24  7777.6    6 32 56   20 42  21 59   5 49  7 05    4 31  12 23    4 11  .....    14  17 19.3 -17 29
Tue Jan 24/Wed Jan 25  7778.6    6 36 52   20 42  21 58   5 50  7 06    4 35  12 28    4 59  18 04     8  18 09.6 -18 13
Wed Jan 25/Thu Jan 26  7779.6    6 40 49   20 42  21 58   5 51  7 07    4 38  12 32    5 49  18 53     4  19 00.9 -18 06
Thu Jan 26/Fri Jan 27  7780.6    6 44 45   20 41  21 57   5 52  7 08    4 42  12 37    6 43  19 42     1  19 52.8 -17 06
Fri Jan 27/Sat Jan 28  7781.6    6 48 42   20 41  21 57   5 53  7 08    4 45  12 42   .....  20 28     0  20 44.9 -15 12
Sat Jan 28/Sun Jan 29  7782.6    6 52 38   20 40  21 56   5 54  7 09    4 48  12 47   .....  21 13     1  21 36.9 -12 29
Sun Jan 29/Mon Jan 30  7783.6    6 56 35   20 40  21 56   5 54  7 10    4 52  12 52   .....  21 56     5  22 28.6 - 9 04
Mon Jan 30/Tue Jan 31  7784.6    7 00 31   20 40  21 55   5 55  7 11    4 55  12 57   .....  22 37    10  23 20.1 - 5 06
Tue Jan 31/Wed Feb 01  7785.6    7 04 28   20 39  21 54   5 56  7 11    4 58  13 02   .....  23 18    18   0 11.6 - 0 48
