  Date (eve/morn)      JDmid    LMSTmidn   ---------- Sun: ---------   LST twilight:  ------------- Moon: --------------
  (2013 at start)    (-2450000)            set  twi.end twi.beg rise    eve    morn    rise   set  %illum   RA      Dec
Sun Dec 01/Mon Dec 02  6628.6    3 02 53   20 25  21 45   5 17  6 36    0 47   8 21    6 14  19 10     1  15 43.4 -17 15
Mon Dec 02/Tue Dec 03  6629.6    3 06 50   20 26  21 46   5 17  6 36    0 52   8 25   .....  20 14     0  16 44.7 -18 40
Tue Dec 03/Wed Dec 04  6630.6    3 10 47   20 27  21 46   5 17  6 36    0 57   8 29   .....  21 17     2  17 47.4 -18 48
Wed Dec 04/Thu Dec 05  6631.6    3 14 43   20 28  21 47   5 17  6 37    1 02   8 33   .....  22 16     6  18 50.0 -17 35
Thu Dec 05/Fri Dec 06  6632.6    3 18 40   20 28  21 48   5 17  6 37    1 06   8 36   .....  23 10    13  19 51.0 -15 08
Fri Dec 06/Sat Dec 07  6633.6    3 22 36   20 29  21 49   5 17  6 37    1 11   8 40   .....  24 00    22  20 49.5 -11 43
Sat Dec 07/Sun Dec 08  6634.6    3 26 33   20 30  21 50   5 17  6 37    1 16   8 44   .....   0 45    33  21 45.4 - 7 37
Sun Dec 08/Mon Dec 09  6635.6    3 30 29   20 30  21 50   5 17  6 37    1 21   8 49   .....   1 27    44  22 38.9 - 3 10
Mon Dec 09/Tue Dec 10  6636.6    3 34 26   20 31  21 51   5 17  6 38    1 25   8 53   .....   2 08    55  23 30.7   1 24
Tue Dec 10/Wed Dec 11  6637.6    3 38 22   20 32  21 52   5 18  6 38    1 30   8 57   .....   2 47    65   0 21.5   5 49
Wed Dec 11/Thu Dec 12  6638.6    3 42 19   20 32  21 53   5 18  6 38    1 35   9 01   .....   3 27    75   1 11.8   9 55
Thu Dec 12/Fri Dec 13  6639.6    3 46 16   20 33  21 53   5 18  6 38    1 39   9 05   .....   4 07    83   2 02.4  13 30
Fri Dec 13/Sat Dec 14  6640.6    3 50 12   20 34  21 54   5 18  6 39    1 44   9 09   .....   4 50    90   2 53.5  16 25
Sat Dec 14/Sun Dec 15  6641.6    3 54 09   20 34  21 55   5 19  6 39    1 49   9 14   18 05   5 34    95   3 45.1  18 33
Sun Dec 15/Mon Dec 16  6642.6    3 58 05   20 35  21 55   5 19  6 39    1 53   9 18   18 57   6 21    99   4 37.1  19 50
Mon Dec 16/Tue Dec 17  6643.6    4 02 02   20 35  21 56   5 19  6 40    1 58   9 22   19 47  .....   100   5 28.9  20 11
Tue Dec 17/Wed Dec 18  6644.6    4 05 58   20 36  21 57   5 20  6 40    2 02   9 26   20 35  .....    99   6 20.2  19 38
Wed Dec 18/Thu Dec 19  6645.6    4 09 55   20 36  21 57   5 20  6 41    2 07   9 31   21 20  .....    97   7 10.5  18 14
Thu Dec 19/Fri Dec 20  6646.6    4 13 51   20 37  21 58   5 20  6 41    2 11   9 35   22 02  .....    93   7 59.5  16 05
Fri Dec 20/Sat Dec 21  6647.6    4 17 48   20 38  21 58   5 21  6 42    2 16   9 40   22 41  .....    88   8 47.2  13 17
Sat Dec 21/Sun Dec 22  6648.6    4 21 45   20 38  21 59   5 21  6 42    2 20   9 44   23 18  .....    81   9 33.8   9 58
Sun Dec 22/Mon Dec 23  6649.6    4 25 41   20 39  21 59   5 22  6 43    2 25   9 49   23 54  .....    73  10 19.7   6 16
Mon Dec 23/Tue Dec 24  6650.6    4 29 38   20 39  22 00   5 23  6 43    2 29   9 53    0 30  .....    64  11 05.5   2 19
Tue Dec 24/Wed Dec 25  6651.6    4 33 34   20 39  22 00   5 23  6 44    2 33   9 58    1 06  .....    54  11 52.0 - 1 47
Wed Dec 25/Thu Dec 26  6652.6    4 37 31   20 40  22 01   5 24  6 44    2 38  10 02    1 44  .....    44  12 39.7 - 5 52
Thu Dec 26/Fri Dec 27  6653.6    4 41 27   20 40  22 01   5 24  6 45    2 42  10 07    2 24  .....    34  13 29.6 - 9 46
Fri Dec 27/Sat Dec 28  6654.6    4 45 24   20 41  22 01   5 25  6 46    2 46  10 11    3 08  .....    24  14 22.3 -13 17
Sat Dec 28/Sun Dec 29  6655.6    4 49 20   20 41  22 02   5 26  6 46    2 51  10 16    3 57  .....    15  15 18.3 -16 09
Sun Dec 29/Mon Dec 30  6656.6    4 53 17   20 41  22 02   5 26  6 47    2 55  10 21    4 52  17 51     8  16 17.6 -18 05
Mon Dec 30/Tue Dec 31  6657.6    4 57 14   20 42  22 02   5 27  6 47    2 59  10 25    5 53  18 54     3  17 19.5 -18 50
Tue Dec 31/Wed Jan 01  6658.6    5 01 10   20 42  22 02   5 28  6 48    3 03  10 30   .....  19 56     0  18 22.7 -18 16
