  Date (eve/morn)      JDmid    LMSTmidn   ---------- Sun: ---------   LST twilight:  ------------- Moon: --------------
  (2015 at start)    (-2450000)            set  twi.end twi.beg rise    eve    morn    rise   set  %illum   RA      Dec
Wed Apr 01/Thu Apr 02  7114.7   11 59 09   18 48  19 56   5 35  6 43    7 55  17 35   16 57   5 20    95  11 06.7   3 46
Thu Apr 02/Fri Apr 03  7115.7   12 03 06   18 47  19 55   5 35  6 44    7 57  17 39   17 33   6 10    98  11 52.5   0 01
Fri Apr 03/Sat Apr 04  7116.7   12 07 02   18 46  19 54   5 36  6 44    8 00  17 44   18 08   7 00   100  12 38.6 - 3 45
Sat Apr 04/Sun Apr 05  7117.7   12 10 59   18 45  19 53   5 36  6 45    8 03  17 48   18 44  .....   100  13 25.6 - 7 23
Sun Apr 05/Mon Apr 06  7118.7   12 14 55   18 44  19 52   5 37  6 45    8 06  17 52   19 22  .....    97  14 13.8 -10 43
Mon Apr 06/Tue Apr 07  7119.7   12 18 52   18 43  19 51   5 37  6 45    8 09  17 57   20 03  .....    93  15 03.6 -13 36
Tue Apr 07/Wed Apr 08  7120.7   12 22 49   18 42  19 50   5 37  6 46    8 12  18 01   20 46  .....    87  15 55.2 -15 52
Wed Apr 08/Thu Apr 09  7121.7   12 26 45   18 41  19 49   5 38  6 46    8 15  18 05   21 33  .....    79  16 48.5 -17 21
Thu Apr 09/Fri Apr 10  7122.7   12 30 42   18 40  19 48   5 38  6 47    8 18  18 10   22 24  .....    70  17 43.3 -17 55
Fri Apr 10/Sat Apr 11  7123.7   12 34 38   18 39  19 47   5 38  6 47    8 21  18 14   23 18  .....    60  18 39.1 -17 31
Sat Apr 11/Sun Apr 12  7124.7   12 38 35   18 38  19 47   5 39  6 47    8 24  18 18    0 16  .....    49  19 35.5 -16 05
Sun Apr 12/Mon Apr 13  7125.7   12 42 31   18 37  19 46   5 39  6 48    8 27  18 23    1 16  .....    38  20 31.9 -13 40
Mon Apr 13/Tue Apr 14  7126.7   12 46 28   18 36  19 45   5 40  6 48    8 31  18 27    2 18  .....    27  21 28.2 -10 24
Tue Apr 14/Wed Apr 15  7127.7   12 50 24   18 35  19 44   5 40  6 49    8 34  18 31    3 21  .....    18  22 24.1 - 6 26
Wed Apr 15/Thu Apr 16  7128.7   12 54 21   18 34  19 43   5 40  6 49    8 37  18 36    4 24  .....    10  23 19.9 - 2 01
Thu Apr 16/Fri Apr 17  7129.7   12 58 18   18 33  19 42   5 41  6 50    8 40  18 40    5 28  17 06     4   0 15.8   2 35
Fri Apr 17/Sat Apr 18  7130.7   13 02 14   18 33  19 41   5 41  6 50    8 43  18 44    6 33  17 53     1   1 12.1   7 02
Sat Apr 18/Sun Apr 19  7131.7   13 06 11   18 32  19 41   5 41  6 50    8 46  18 49    7 36  18 40     0   2 08.8  11 03
Sun Apr 19/Mon Apr 20  7132.7   13 10 07   18 31  19 40   5 42  6 51    8 49  18 53   .....  19 29     3   3 06.0  14 22
Mon Apr 20/Tue Apr 21  7133.7   13 14 04   18 30  19 39   5 42  6 51    8 52  18 57   .....  20 20     7   4 03.3  16 47
Tue Apr 21/Wed Apr 22  7134.7   13 18 00   18 29  19 38   5 43  6 52    8 55  19 01   .....  21 12    14   5 00.0  18 10
Wed Apr 22/Thu Apr 23  7135.7   13 21 57   18 28  19 37   5 43  6 52    8 59  19 06   .....  22 05    22   5 55.6  18 32
Thu Apr 23/Fri Apr 24  7136.7   13 25 53   18 27  19 37   5 43  6 53    9 02  19 10   .....  22 59    31   6 49.6  17 56
Fri Apr 24/Sat Apr 25  7137.7   13 29 50   18 27  19 36   5 44  6 53    9 05  19 14   .....  23 52    41   7 41.6  16 29
Sat Apr 25/Sun Apr 26  7138.7   13 33 47   18 26  19 35   5 44  6 53    9 08  19 19   .....   0 44    51   8 31.5  14 19
Sun Apr 26/Mon Apr 27  7139.7   13 37 43   18 25  19 35   5 44  6 54    9 12  19 23   .....   1 35    60   9 19.7  11 33
Mon Apr 27/Tue Apr 28  7140.7   13 41 40   18 24  19 34   5 45  6 54    9 15  19 27   .....   2 25    70  10 06.4   8 22
Tue Apr 28/Wed Apr 29  7141.7   13 45 36   18 24  19 33   5 45  6 55    9 18  19 32   .....   3 14    78  10 52.3   4 51
Wed Apr 29/Thu Apr 30  7142.7   13 49 33   18 23  19 33   5 45  6 55    9 21  19 36   .....   4 04    85  11 37.9   1 08
Thu Apr 30/Fri May 01  7143.7   13 53 29   18 22  19 32   5 46  6 56    9 25  19 40   .....   4 54    91  12 23.7 - 2 39
