  Date (eve/morn)      JDmid    LMSTmidn   ---------- Sun: ---------   LST twilight:  ------------- Moon: --------------
  (2019 at start)    (-2450000)            set  twi.end twi.beg rise    eve    morn    rise   set  %illum   RA      Dec
Sat Jun 01/Sun Jun 02  8636.7   15 59 46   18 08  19 21   5 58  7 11   11 20  21 59    6 14  17 04     2   3 37.7  15 20
Sun Jun 02/Mon Jun 03  8637.7   16 03 43   18 08  19 21   5 58  7 11   11 24  22 03    7 14  17 48     0   4 31.4  18 42
Mon Jun 03/Tue Jun 04  8638.7   16 07 40   18 08  19 21   5 59  7 12   11 28  22 07   .....  18 37     1   5 28.2  21 07
Tue Jun 04/Wed Jun 05  8639.7   16 11 36   18 08  19 21   5 59  7 12   11 32  22 12   .....  19 32     4   6 27.4  22 21
Wed Jun 05/Thu Jun 06  8640.7   16 15 33   18 08  19 21   5 59  7 12   11 36  22 16   .....  20 31     9   7 28.0  22 14
Thu Jun 06/Fri Jun 07  8641.7   16 19 29   18 08  19 21   6 00  7 13   11 40  22 20   .....  21 34    17   8 28.4  20 43
Fri Jun 07/Sat Jun 08  8642.7   16 23 26   18 08  19 21   6 00  7 13   11 44  22 25   .....  22 38    26   9 27.4  17 54
Sat Jun 08/Sun Jun 09  8643.7   16 27 22   18 08  19 21   6 00  7 14   11 48  22 29   .....  23 41    37  10 24.4  14 02
Sun Jun 09/Mon Jun 10  8644.7   16 31 19   18 08  19 21   6 01  7 14   11 52  22 33   .....   0 43    48  11 19.2   9 22
Mon Jun 10/Tue Jun 11  8645.7   16 35 15   18 08  19 21   6 01  7 14   11 56  22 37   .....   1 44    60  12 12.3   4 13
Tue Jun 11/Wed Jun 12  8646.7   16 39 12   18 08  19 21   6 01  7 15   12 00  22 42   .....   2 44    71  13 04.5 - 1 07
Wed Jun 12/Thu Jun 13  8647.7   16 43 09   18 08  19 21   6 02  7 15   12 04  22 46   .....   3 43    80  13 56.4 - 6 21
Thu Jun 13/Fri Jun 14  8648.7   16 47 05   18 08  19 22   6 02  7 15   12 08  22 50   .....   4 43    88  14 48.9 -11 13
Fri Jun 14/Sat Jun 15  8649.7   16 51 02   18 08  19 22   6 02  7 16   12 12  22 54   16 02   5 42    94  15 42.4 -15 26
Sat Jun 15/Sun Jun 16  8650.7   16 54 58   18 09  19 22   6 03  7 16   12 16  22 58   16 46   6 41    98  16 37.1 -18 47
Sun Jun 16/Mon Jun 17  8651.7   16 58 55   18 09  19 22   6 03  7 16   12 20  23 03   17 32   7 39   100  17 32.6 -21 04
Mon Jun 17/Tue Jun 18  8652.7   17 02 51   18 09  19 22   6 03  7 16   12 24  23 07   18 22  .....    99  18 28.3 -22 12
Tue Jun 18/Wed Jun 19  8653.7   17 06 48   18 09  19 22   6 03  7 17   12 28  23 11   19 14  .....    96  19 23.3 -22 08
Wed Jun 19/Thu Jun 20  8654.7   17 10 44   18 09  19 23   6 04  7 17   12 33  23 15   20 07  .....    92  20 16.7 -20 58
Thu Jun 20/Fri Jun 21  8655.7   17 14 41   18 09  19 23   6 04  7 17   12 37  23 19   21 00  .....    86  21 08.0 -18 51
Fri Jun 21/Sat Jun 22  8656.7   17 18 38   18 10  19 23   6 04  7 17   12 41  23 24   21 53  .....    78  21 57.0 -15 55
Sat Jun 22/Sun Jun 23  8657.7   17 22 34   18 10  19 23   6 04  7 18   12 45  23 28   22 45  .....    70  22 43.9 -12 21
Sun Jun 23/Mon Jun 24  8658.7   17 26 31   18 10  19 23   6 04  7 18   12 49  23 32   23 36  .....    61  23 29.3 - 8 19
Mon Jun 24/Tue Jun 25  8659.7   17 30 27   18 10  19 24   6 05  7 18   12 53  23 36    0 26  .....    52   0 13.8 - 3 58
Tue Jun 25/Wed Jun 26  8660.7   17 34 24   18 11  19 24   6 05  7 18   12 58  23 40    1 17  .....    42   0 58.2   0 34
Wed Jun 26/Thu Jun 27  8661.7   17 38 20   18 11  19 24   6 05  7 18   13 02  23 44    2 09  .....    32   1 43.4   5 10
Thu Jun 27/Fri Jun 28  8662.7   17 42 17   18 11  19 25   6 05  7 18   13 06  23 48    3 02  .....    24   2 30.2   9 39
Fri Jun 28/Sat Jun 29  8663.7   17 46 13   18 12  19 25   6 05  7 18   13 10  23 52    3 59  .....    15   3 19.4  13 49
Sat Jun 29/Sun Jun 30  8664.7   17 50 10   18 12  19 25   6 05  7 18   13 14  23 56    4 58  .....     9   4 11.8  17 28
Sun Jun 30/Mon Jul 01  8665.7   17 54 07   18 12  19 25   6 05  7 19   13 19   0 00    5 59  16 26     3   5 07.5  20 17
