  Date (eve/morn)      JDmid    LMSTmidn   ---------- Sun: ---------   LST twilight:  ------------- Moon: --------------
  (2016 at start)    (-2450000)            set  twi.end twi.beg rise    eve    morn    rise   set  %illum   RA      Dec
Fri Jan 01/Sat Jan 02  7389.6    5 03 12   20 42  22 02   5 28  6 48    3 05  10 32    1 26  .....    51  12 41.9 - 2 21
Sat Jan 02/Sun Jan 03  7390.6    5 07 09   20 42  22 03   5 29  6 49    3 09  10 37    2 01  .....    41  13 26.8 - 5 56
Sun Jan 03/Mon Jan 04  7391.6    5 11 05   20 43  22 03   5 30  6 50    3 13  10 42    2 38  .....    32  14 12.5 - 9 17
Mon Jan 04/Tue Jan 05  7392.6    5 15 02   20 43  22 03   5 31  6 51    3 18  10 47    3 17  .....    24  14 59.5 -12 15
Tue Jan 05/Wed Jan 06  7393.6    5 18 58   20 43  22 03   5 31  6 51    3 22  10 51    3 59  .....    16  15 48.4 -14 44
Wed Jan 06/Thu Jan 07  7394.6    5 22 55   20 43  22 03   5 32  6 52    3 26  10 56    4 45  17 42    10  16 39.2 -16 34
Thu Jan 07/Fri Jan 08  7395.6    5 26 51   20 43  22 03   5 33  6 53    3 29  11 01    5 35  18 36     5  17 32.1 -17 36
Fri Jan 08/Sat Jan 09  7396.6    5 30 48   20 43  22 03   5 34  6 53    3 33  11 06    6 29  19 29     1  18 26.7 -17 43
Sat Jan 09/Sun Jan 10  7397.6    5 34 45   20 44  22 03   5 35  6 54    3 37  11 10   .....  20 22     0  19 22.4 -16 50
Sun Jan 10/Mon Jan 11  7398.6    5 38 41   20 44  22 03   5 36  6 55    3 41  11 15   .....  21 13     1  20 18.4 -14 58
Mon Jan 11/Tue Jan 12  7399.6    5 42 38   20 44  22 03   5 37  6 56    3 45  11 20   .....  22 01     5  21 14.2 -12 10
Tue Jan 12/Wed Jan 13  7400.6    5 46 34   20 44  22 03   5 38  6 56    3 49  11 25   .....  22 47    11  22 09.3 - 8 36
Wed Jan 13/Thu Jan 14  7401.6    5 50 31   20 44  22 02   5 38  6 57    3 53  11 30   .....  23 32    19  23 03.8 - 4 30
Thu Jan 14/Fri Jan 15  7402.6    5 54 27   20 44  22 02   5 39  6 58    3 56  11 35   .....   0 15    29  23 57.8 - 0 05
Fri Jan 15/Sat Jan 16  7403.6    5 58 24   20 44  22 02   5 40  6 59    4 00  11 40   .....   0 58    40   0 51.8   4 22
Sat Jan 16/Sun Jan 17  7404.6    6 02 20   20 44  22 02   5 41  6 59    4 04  11 45   .....   1 42    51   1 46.3   8 37
Sun Jan 17/Mon Jan 18  7405.6    6 06 17   20 43  22 01   5 42  7 00    4 07  11 49   .....   2 28    62   2 41.8  12 24
Mon Jan 18/Tue Jan 19  7406.6    6 10 14   20 43  22 01   5 43  7 01    4 11  11 54   .....   3 16    73   3 38.5  15 30
Tue Jan 19/Wed Jan 20  7407.6    6 14 10   20 43  22 01   5 44  7 02    4 15  11 59   .....   4 07    82   4 36.1  17 42
Wed Jan 20/Thu Jan 21  7408.6    6 18 07   20 43  22 00   5 45  7 03    4 18  12 04   17 30   5 00    90   5 34.3  18 52
Thu Jan 21/Fri Jan 22  7409.6    6 22 03   20 43  22 00   5 46  7 03    4 22  12 09   18 26   5 56    96   6 32.3  18 56
Fri Jan 22/Sat Jan 23  7410.6    6 26 00   20 43  22 00   5 47  7 04    4 25  12 14   19 18  .....    99   7 29.0  17 58
Sat Jan 23/Sun Jan 24  7411.6    6 29 56   20 42  21 59   5 48  7 05    4 29  12 19   20 07  .....   100   8 23.9  16 04
Sun Jan 24/Mon Jan 25  7412.6    6 33 53   20 42  21 59   5 49  7 06    4 32  12 24   20 52  .....    99   9 16.4  13 24
Mon Jan 25/Tue Jan 26  7413.6    6 37 49   20 42  21 58   5 50  7 06    4 36  12 29   21 33  .....    95  10 06.7  10 12
Tue Jan 26/Wed Jan 27  7414.6    6 41 46   20 41  21 58   5 51  7 07    4 39  12 34   22 12  .....    91  10 54.9   6 38
Wed Jan 27/Thu Jan 28  7415.6    6 45 43   20 41  21 57   5 52  7 08    4 43  12 39   22 49  .....    84  11 41.5   2 53
Thu Jan 28/Fri Jan 29  7416.6    6 49 39   20 41  21 57   5 53  7 09    4 46  12 43   23 24  .....    77  12 27.1 - 0 53
Fri Jan 29/Sat Jan 30  7417.6    6 53 36   20 40  21 56   5 54  7 09    4 49  12 48   23 59  .....    68  13 12.3 - 4 33
Sat Jan 30/Sun Jan 31  7418.6    6 57 32   20 40  21 55   5 55  7 10    4 53  12 53    0 35  .....    59  13 57.7 - 8 00
Sun Jan 31/Mon Feb 01  7419.6    7 01 29   20 39  21 55   5 56  7 11    4 56  12 58    1 13  .....    50  14 44.1 -11 06
