  Date (eve/morn)      JDmid    LMSTmidn   ---------- Sun: ---------   LST twilight:  ------------- Moon: --------------
  (2015 at start)    (-2450000)            set  twi.end twi.beg rise    eve    morn    rise   set  %illum   RA      Dec
Sun Mar 01/Mon Mar 02  7083.6    8 56 46   20 19  21 29   6 19  7 29    6 25  15 17   17 24   5 04    88   8 10.7  15 37
Mon Mar 02/Tue Mar 03  7084.6    9 00 43   20 18  21 28   6 20  7 30    6 28  15 22   18 06   5 55    94   8 59.5  13 05
Tue Mar 03/Wed Mar 04  7085.6    9 04 39   20 17  21 27   6 21  7 30    6 31  15 26   18 44   6 45    98   9 47.0  10 02
Wed Mar 04/Thu Mar 05  7086.6    9 08 36   20 16  21 26   6 21  7 31    6 34  15 31   19 21  .....   100  10 33.4   6 37
Thu Mar 05/Fri Mar 06  7087.6    9 12 32   20 15  21 25   6 22  7 31    6 37  15 35   19 57  .....   100  11 19.2   2 57
Fri Mar 06/Sat Mar 07  7088.6    9 16 29   20 14  21 23   6 22  7 32    6 40  15 40   20 32  .....    98  12 04.8 - 0 48
Sat Mar 07/Sun Mar 08* 7089.6    9 20 25   20 13  21 22   5 23  6 32    6 42  15 44   21 07  .....    95  12 50.6 - 4 31
Sun Mar 08/Mon Mar 09  7090.7   10 24 32   19 12  20 21   5 24  6 33    6 45  15 49   20 44  .....    90  13 38.7 - 8 13
Mon Mar 09/Tue Mar 10  7091.7   10 28 28   19 11  20 20   5 24  6 33    6 48  15 53   21 22  .....    83  14 26.8 -11 25
Tue Mar 10/Wed Mar 11  7092.7   10 32 25   19 10  20 19   5 25  6 34    6 51  15 58   22 03  .....    75  15 16.5 -14 08
Wed Mar 11/Thu Mar 12  7093.7   10 36 22   19 09  20 18   5 25  6 34    6 54  16 02   22 48  .....    65  16 08.2 -16 12
Thu Mar 12/Fri Mar 13  7094.7   10 40 18   19 08  20 17   5 26  6 35    6 57  16 07   23 36  .....    55  17 01.8 -17 28
Fri Mar 13/Sat Mar 14  7095.7   10 44 15   19 07  20 16   5 26  6 35    7 00  16 11    0 29  .....    45  17 57.2 -17 48
Sat Mar 14/Sun Mar 15  7096.7   10 48 11   19 06  20 15   5 27  6 36    7 02  16 16    1 26  .....    34  18 54.1 -17 06
Sun Mar 15/Mon Mar 16  7097.7   10 52 08   19 05  20 14   5 27  6 36    7 05  16 20    2 26  .....    24  19 51.8 -15 21
Mon Mar 16/Tue Mar 17  7098.7   10 56 04   19 04  20 13   5 28  6 37    7 08  16 25    3 29  .....    15  20 49.8 -12 35
Tue Mar 17/Wed Mar 18  7099.7   11 00 01   19 03  20 12   5 28  6 37    7 11  16 29    4 34  16 57     7  21 47.7 - 8 56
Wed Mar 18/Thu Mar 19  7100.7   11 03 57   19 02  20 11   5 29  6 37    7 14  16 34    5 40  17 45     2  22 45.2 - 4 39
Thu Mar 19/Fri Mar 20  7101.7   11 07 54   19 01  20 10   5 29  6 38    7 17  16 38    6 45  18 32     0  23 42.4 - 0 01
Fri Mar 20/Sat Mar 21  7102.7   11 11 51   19 00  20 08   5 30  6 38    7 20  16 43   .....  19 19     1   0 39.3   4 37
Sat Mar 21/Sun Mar 22  7103.7   11 15 47   18 59  20 07   5 30  6 39    7 23  16 47   .....  20 06     4   1 36.1   8 57
Sun Mar 22/Mon Mar 23  7104.7   11 19 44   18 58  20 06   5 31  6 39    7 25  16 51   .....  20 53    10   2 32.9  12 40
Mon Mar 23/Tue Mar 24  7105.7   11 23 40   18 57  20 05   5 31  6 40    7 28  16 56   .....  21 43    18   3 29.5  15 35
Tue Mar 24/Wed Mar 25  7106.7   11 27 37   18 56  20 04   5 32  6 40    7 31  17 00   .....  22 33    28   4 25.6  17 33
Wed Mar 25/Thu Mar 26  7107.7   11 31 33   18 55  20 03   5 32  6 40    7 34  17 04   .....  23 24    38   5 20.8  18 31
Thu Mar 26/Fri Mar 27  7108.7   11 35 30   18 54  20 02   5 32  6 41    7 37  17 09   .....   0 16    48   6 14.8  18 31
Fri Mar 27/Sat Mar 28  7109.7   11 39 26   18 53  20 01   5 33  6 41    7 40  17 13   .....   1 08    58   7 07.2  17 37
Sat Mar 28/Sun Mar 29  7110.7   11 43 23   18 52  20 00   5 33  6 42    7 43  17 18   .....   1 59    67   7 57.8  15 55
Sun Mar 29/Mon Mar 30  7111.7   11 47 20   18 51  19 59   5 34  6 42    7 46  17 22   .....   2 50    76   8 46.8  13 34
Mon Mar 30/Tue Mar 31  7112.7   11 51 16   18 50  19 58   5 34  6 43    7 49  17 26   .....   3 41    84   9 34.3  10 40
Tue Mar 31/Wed Apr 01  7113.7   11 55 13   18 49  19 57   5 35  6 43    7 52  17 31   .....   4 30    90  10 20.8   7 22
