  Date (eve/morn)      JDmid    LMSTmidn   ---------- Sun: ---------   LST twilight:  ------------- Moon: --------------
  (2018 at start)    (-2450000)            set  twi.end twi.beg rise    eve    morn    rise   set  %illum   RA      Dec
Mon Jan 01/Tue Jan 02  8120.6    5 05 14   20 42  22 02   5 29  6 49    3 07  10 35   20 08  .....   100   6 52.9  20 44
Tue Jan 02/Wed Jan 03  8121.6    5 09 11   20 43  22 03   5 29  6 49    3 11  10 39   21 10  .....    98   7 58.5  19 45
Wed Jan 03/Thu Jan 04  8122.6    5 13 07   20 43  22 03   5 30  6 50    3 16  10 44   22 06  .....    94   9 01.8  17 25
Thu Jan 04/Fri Jan 05  8123.6    5 17 04   20 43  22 03   5 31  6 51    3 20  10 49   22 57  .....    87  10 01.4  14 01
Fri Jan 05/Sat Jan 06  8124.6    5 21 00   20 43  22 03   5 32  6 52    3 24  10 54   23 43  .....    78  10 57.3   9 56
Sat Jan 06/Sun Jan 07  8125.6    5 24 57   20 43  22 03   5 33  6 52    3 28  10 59    0 25  .....    68  11 49.9   5 31
Sun Jan 07/Mon Jan 08  8126.6    5 28 53   20 43  22 03   5 34  6 53    3 32  11 03    1 04  .....    58  12 39.8   1 00
Mon Jan 08/Tue Jan 09  8127.6    5 32 50   20 44  22 03   5 34  6 54    3 35  11 08    1 41  .....    48  13 27.9 - 3 22
Tue Jan 09/Wed Jan 10  8128.6    5 36 47   20 44  22 03   5 35  6 55    3 39  11 13    2 18  .....    38  14 15.1 - 7 26
Wed Jan 10/Thu Jan 11  8129.6    5 40 43   20 44  22 03   5 36  6 55    3 43  11 18    2 55  .....    29  15 02.0 -11 04
Thu Jan 11/Fri Jan 12  8130.6    5 44 40   20 44  22 03   5 37  6 56    3 47  11 23    3 34  .....    20  15 49.2 -14 11
Fri Jan 12/Sat Jan 13  8131.6    5 48 36   20 44  22 02   5 38  6 57    3 51  11 28    4 15  .....    13  16 37.1 -16 38
Sat Jan 13/Sun Jan 14  8132.6    5 52 33   20 44  22 02   5 39  6 58    3 55  11 32    4 58  18 04     8  17 25.7 -18 22
Sun Jan 14/Mon Jan 15  8133.6    5 56 29   20 44  22 02   5 40  6 58    3 58  11 37    5 44  18 54     4  18 15.0 -19 17
Mon Jan 15/Tue Jan 16  8134.6    6 00 26   20 44  22 02   5 41  6 59    4 02  11 42    6 32  19 43     1  19 04.7 -19 21
Tue Jan 16/Wed Jan 17  8135.6    6 04 22   20 43  22 02   5 42  7 00    4 06  11 47   .....  20 29     0  19 54.4 -18 33
Wed Jan 17/Thu Jan 18  8136.6    6 08 19   20 43  22 01   5 43  7 01    4 09  11 52   .....  21 13     1  20 43.7 -16 54
Thu Jan 18/Fri Jan 19  8137.6    6 12 16   20 43  22 01   5 44  7 01    4 13  11 57   .....  21 55     4  21 32.5 -14 29
Fri Jan 19/Sat Jan 20  8138.6    6 16 12   20 43  22 01   5 45  7 02    4 16  12 02   .....  22 34     8  22 20.5 -11 23
Sat Jan 20/Sun Jan 21  8139.6    6 20 09   20 43  22 00   5 46  7 03    4 20  12 07   .....  23 12    14  23 08.2 - 7 44
Sun Jan 21/Mon Jan 22  8140.6    6 24 05   20 43  22 00   5 47  7 04    4 24  12 12   .....  23 49    22  23 55.7 - 3 40
Mon Jan 22/Tue Jan 23  8141.6    6 28 02   20 42  21 59   5 48  7 04    4 27  12 17   .....   0 26    31   0 43.8   0 42
Tue Jan 23/Wed Jan 24  8142.6    6 31 58   20 42  21 59   5 48  7 05    4 31  12 21   .....   1 04    41   1 33.1   5 09
Wed Jan 24/Thu Jan 25  8143.6    6 35 55   20 42  21 58   5 49  7 06    4 34  12 26   .....   1 45    52   2 24.4   9 31
Thu Jan 25/Fri Jan 26  8144.6    6 39 51   20 42  21 58   5 50  7 07    4 37  12 31   .....   2 29    63   3 18.6  13 33
Fri Jan 26/Sat Jan 27  8145.6    6 43 48   20 41  21 57   5 51  7 08    4 41  12 36   .....   3 17    73   4 16.1  16 58
Sat Jan 27/Sun Jan 28  8146.6    6 47 45   20 41  21 57   5 52  7 08    4 44  12 41   .....   4 11    83   5 17.0  19 26
Sun Jan 28/Mon Jan 29  8147.6    6 51 41   20 41  21 56   5 53  7 09    4 48  12 46   17 45   5 11    91   6 20.8  20 39
Mon Jan 29/Tue Jan 30  8148.6    6 55 38   20 40  21 56   5 54  7 10    4 51  12 51   18 48   6 15    97   7 25.8  20 27
Tue Jan 30/Wed Jan 31  8149.6    6 59 34   20 40  21 55   5 55  7 11    4 54  12 56   19 47  .....   100   8 30.4  18 47
Wed Jan 31/Thu Feb 01  8150.6    7 03 31   20 39  21 54   5 56  7 11    4 58  13 01   20 42  .....    99   9 32.7  15 51
