  Date (eve/morn)      JDmid    LMSTmidn   ---------- Sun: ---------   LST twilight:  ------------- Moon: --------------
  (2020 at start)    (-2450000)            set  twi.end twi.beg rise    eve    morn    rise   set  %illum   RA      Dec
Sat Feb 01/Sun Feb 02  8881.6    7 05 33   20 39  21 54   5 57  7 12    4 59  13 03   .....   1 30    50   2 45.6  12 14
Sun Feb 02/Mon Feb 03  8882.6    7 09 29   20 39  21 53   5 58  7 12    5 03  13 08   .....   2 08    60   3 33.7  16 16
Mon Feb 03/Tue Feb 04  8883.6    7 13 26   20 38  21 53   5 58  7 13    5 06  13 13   .....   2 50    69   4 25.0  19 42
Tue Feb 04/Wed Feb 05  8884.6    7 17 22   20 37  21 52   5 59  7 14    5 09  13 18   .....   3 37    79   5 19.9  22 18
Wed Feb 05/Thu Feb 06  8885.6    7 21 19   20 37  21 51   6 00  7 15    5 12  13 23   17 20   4 31    87   6 18.5  23 46
Thu Feb 06/Fri Feb 07  8886.6    7 25 15   20 36  21 50   6 01  7 15    5 15  13 27   18 19   5 30    93   7 19.8  23 51
Fri Feb 07/Sat Feb 08  8887.6    7 29 12   20 36  21 50   6 02  7 16    5 18  13 32   19 17   6 35    98   8 22.4  22 25
Sat Feb 08/Sun Feb 09  8888.6    7 33 09   20 35  21 49   6 03  7 17    5 22  13 37   20 11  .....   100   9 24.6  19 28
Sun Feb 09/Mon Feb 10  8889.6    7 37 05   20 35  21 48   6 04  7 17    5 25  13 42   21 01  .....    99  10 25.1  15 13
Mon Feb 10/Tue Feb 11  8890.6    7 41 02   20 34  21 47   6 05  7 18    5 28  13 47   21 46  .....    95  11 23.3  10 01
Tue Feb 11/Wed Feb 12  8891.6    7 44 58   20 33  21 46   6 06  7 19    5 31  13 52   22 29  .....    88  12 19.3   4 18
Wed Feb 12/Thu Feb 13  8892.6    7 48 55   20 33  21 45   6 06  7 19    5 34  13 56   23 10  .....    79  13 13.7 - 1 33
Thu Feb 13/Fri Feb 14  8893.6    7 52 51   20 32  21 45   6 07  7 20    5 37  14 01   23 50  .....    69  14 07.3 - 7 09
Fri Feb 14/Sat Feb 15  8894.6    7 56 48   20 31  21 44   6 08  7 21    5 40  14 06    0 31  .....    58  15 00.8 -12 12
Sat Feb 15/Sun Feb 16  8895.6    8 00 44   20 30  21 43   6 09  7 21    5 43  14 11    1 14  .....    47  15 54.8 -16 26
Sun Feb 16/Mon Feb 17  8896.6    8 04 41   20 30  21 42   6 10  7 22    5 46  14 15    2 00  .....    37  16 49.4 -19 39
Mon Feb 17/Tue Feb 18  8897.6    8 08 38   20 29  21 41   6 10  7 22    5 49  14 20    2 48  .....    27  17 44.5 -21 44
Tue Feb 18/Wed Feb 19  8898.6    8 12 34   20 28  21 40   6 11  7 23    5 52  14 25    3 40  17 03    18  18 39.6 -22 37
Wed Feb 19/Thu Feb 20  8899.6    8 16 31   20 27  21 39   6 12  7 24    5 55  14 30    4 34  17 57    11  19 33.8 -22 18
Thu Feb 20/Fri Feb 21  8900.6    8 20 27   20 27  21 38   6 13  7 24    5 58  14 34    5 29  18 46     6  20 26.5 -20 52
Fri Feb 21/Sat Feb 22  8901.6    8 24 24   20 26  21 37   6 14  7 25    6 01  14 39    6 24  19 30     2  21 17.2 -18 28
Sat Feb 22/Sun Feb 23  8902.6    8 28 20   20 25  21 36   6 14  7 25    6 04  14 44   .....  20 10     0  22 05.7 -15 15
Sun Feb 23/Mon Feb 24  8903.6    8 32 17   20 24  21 35   6 15  7 26    6 07  14 48   .....  20 46     0  22 52.0 -11 25
Mon Feb 24/Tue Feb 25  8904.6    8 36 13   20 23  21 34   6 16  7 27    6 10  14 53   .....  21 20     2  23 36.7 - 7 09
Tue Feb 25/Wed Feb 26  8905.6    8 40 10   20 22  21 33   6 16  7 27    6 13  14 58   .....  21 53     5   0 20.3 - 2 37
Wed Feb 26/Thu Feb 27  8906.6    8 44 07   20 22  21 32   6 17  7 28    6 16  15 02   .....  22 24    10   1 03.4   2 02
Thu Feb 27/Fri Feb 28  8907.6    8 48 03   20 21  21 31   6 18  7 28    6 19  15 07   .....  22 56    17   1 46.8   6 38
Fri Feb 28/Sat Feb 29  8908.6    8 52 00   20 20  21 30   6 18  7 29    6 22  15 11   .....  23 29    24   2 31.2  11 04
Sat Feb 29/Sun Mar 01  8909.6    8 55 56   20 19  21 29   6 19  7 29    6 25  15 16   .....   0 05    33   3 17.5  15 10
