  Date (eve/morn)      JDmid    LMSTmidn   ---------- Sun: ---------   LST twilight:  ------------- Moon: --------------
  (2015 at start)    (-2450000)            set  twi.end twi.beg rise    eve    morn    rise   set  %illum   RA      Dec
Sun Nov 01/Mon Nov 02  7328.6    1 02 42   20 04  21 17   5 33  6 46   22 20   6 36    1 01  .....    63   7 40.3  17 03
Mon Nov 02/Tue Nov 03  7329.6    1 06 39   20 05  21 18   5 32  6 46   22 24   6 39    1 46  .....    53   8 32.0  15 00
Tue Nov 03/Wed Nov 04  7330.6    1 10 35   20 05  21 19   5 31  6 45   22 29   6 42    2 27  .....    44   9 21.2  12 19
Wed Nov 04/Thu Nov 05  7331.6    1 14 32   20 06  21 20   5 30  6 44   22 34   6 46    3 06  .....    34  10 08.3   9 13
Thu Nov 05/Fri Nov 06  7332.6    1 18 28   20 06  21 21   5 29  6 44   22 39   6 49    3 42  .....    26  10 53.9   5 48
Fri Nov 06/Sat Nov 07  7333.6    1 22 25   20 07  21 22   5 29  6 43   22 44   6 52    4 17  .....    18  11 38.5   2 12
Sat Nov 07/Sun Nov 08  7334.6    1 26 22   20 08  21 22   5 28  6 43   22 48   6 55    4 52  .....    11  12 22.9 - 1 27
Sun Nov 08/Mon Nov 09  7335.6    1 30 18   20 08  21 23   5 27  6 42   22 53   6 58    5 28  17 41     6  13 07.5 - 5 02
Mon Nov 09/Tue Nov 10  7336.6    1 34 15   20 09  21 24   5 26  6 41   22 58   7 02    6 05  18 31     3  13 53.0 - 8 26
Tue Nov 10/Wed Nov 11  7337.6    1 38 11   20 10  21 25   5 26  6 41   23 03   7 05    6 44  19 22     1  14 39.7 -11 31
Wed Nov 11/Thu Nov 12  7338.6    1 42 08   20 11  21 26   5 25  6 41   23 08   7 08   .....  20 14     0  15 28.0 -14 09
Thu Nov 12/Fri Nov 13  7339.6    1 46 04   20 11  21 27   5 24  6 40   23 13   7 11   .....  21 07     2  16 18.1 -16 10
Fri Nov 13/Sat Nov 14  7340.6    1 50 01   20 12  21 28   5 24  6 40   23 17   7 15   .....  22 00     5  17 09.7 -17 26
Sat Nov 14/Sun Nov 15  7341.6    1 53 57   20 13  21 29   5 23  6 39   23 22   7 18   .....  22 52    11  18 02.8 -17 50
Sun Nov 15/Mon Nov 16  7342.6    1 57 54   20 13  21 30   5 23  6 39   23 27   7 21   .....  23 43    18  18 56.8 -17 19
Mon Nov 16/Tue Nov 17  7343.6    2 01 51   20 14  21 31   5 22  6 39   23 32   7 25   .....   0 32    27  19 51.2 -15 51
Tue Nov 17/Wed Nov 18  7344.6    2 05 47   20 15  21 31   5 22  6 38   23 37   7 28   .....   1 19    37  20 45.8 -13 27
Wed Nov 18/Thu Nov 19  7345.6    2 09 44   20 16  21 32   5 21  6 38   23 42   7 32   .....   2 04    48  21 40.3 -10 14
Thu Nov 19/Fri Nov 20  7346.6    2 13 40   20 16  21 33   5 21  6 38   23 47   7 35   .....   2 48    59  22 34.9 - 6 21
Fri Nov 20/Sat Nov 21  7347.6    2 17 37   20 17  21 34   5 20  6 37   23 51   7 39   .....   3 32    70  23 29.8 - 1 59
Sat Nov 21/Sun Nov 22  7348.6    2 21 33   20 18  21 35   5 20  6 37   23 56   7 42   .....   4 16    80   0 25.5   2 38
Sun Nov 22/Mon Nov 23  7349.6    2 25 30   20 18  21 36   5 19  6 37    0 01   7 46   .....   5 02    89   1 22.4   7 11
Mon Nov 23/Tue Nov 24  7350.6    2 29 26   20 19  21 37   5 19  6 37    0 06   7 49   17 49   5 50    95   2 20.7  11 22
Tue Nov 24/Wed Nov 25  7351.6    2 33 23   20 20  21 38   5 19  6 37    0 11   7 53   18 53  .....    99   3 20.5  14 50
Wed Nov 25/Thu Nov 26  7352.6    2 37 20   20 21  21 39   5 18  6 37    0 16   7 57   19 57  .....   100   4 21.2  17 20
Thu Nov 26/Fri Nov 27  7353.6    2 41 16   20 21  21 40   5 18  6 36    0 21   8 00   20 58  .....    98   5 21.9  18 42
Fri Nov 27/Sat Nov 28  7354.6    2 45 13   20 22  21 41   5 18  6 36    0 26   8 04   21 56  .....    93   6 21.4  18 53
Sat Nov 28/Sun Nov 29  7355.6    2 49 09   20 23  21 42   5 18  6 36    0 30   8 08   22 50  .....    87   7 18.8  17 59
Sun Nov 29/Mon Nov 30  7356.6    2 53 06   20 24  21 42   5 17  6 36    0 35   8 11   23 39  .....    79   8 13.4  16 10
Mon Nov 30/Tue Dec 01  7357.6    2 57 02   20 24  21 43   5 17  6 36    0 40   8 15    0 23  .....    70   9 05.0  13 37
