  Date (eve/morn)      JDmid    LMSTmidn   ---------- Sun: ---------   LST twilight:  ------------- Moon: --------------
  (2020 at start)    (-2450000)            set  twi.end twi.beg rise    eve    morn    rise   set  %illum   RA      Dec
Sat Aug 01/Sun Aug 02  9063.7   20 03 16   18 26  19 37   5 59  7 10   15 39   2 03   16 23   6 42    97  19 37.2 -23 38
Sun Aug 02/Mon Aug 03  9064.7   20 07 12   18 26  19 37   5 59  7 09   15 43   2 07   17 21   7 31   100  20 34.4 -21 53
Mon Aug 03/Tue Aug 04  9065.7   20 11 09   18 27  19 37   5 58  7 08   15 48   2 10   18 19  .....   100  21 28.8 -19 00
Tue Aug 04/Wed Aug 05  9066.7   20 15 05   18 27  19 38   5 57  7 08   15 52   2 14   19 16  .....    97  22 19.9 -15 15
Wed Aug 05/Thu Aug 06  9067.7   20 19 02   18 27  19 38   5 57  7 07   15 56   2 17   20 11  .....    93  23 08.2 -10 54
Thu Aug 06/Fri Aug 07  9068.7   20 22 58   18 28  19 38   5 56  7 07   16 00   2 20   21 03  .....    88  23 54.1 - 6 11
Fri Aug 07/Sat Aug 08  9069.7   20 26 55   18 28  19 39   5 56  7 06   16 05   2 24   21 54  .....    81   0 38.4 - 1 18
Sat Aug 08/Sun Aug 09  9070.7   20 30 52   18 29  19 39   5 55  7 05   16 09   2 27   22 44  .....    72   1 22.0   3 34
Sun Aug 09/Mon Aug 10  9071.7   20 34 48   18 29  19 39   5 55  7 04   16 13   2 30   23 34  .....    64   2 05.7   8 17
Mon Aug 10/Tue Aug 11  9072.7   20 38 45   18 30  19 39   5 54  7 04   16 18   2 34    0 25  .....    54   2 50.5  12 42
Tue Aug 11/Wed Aug 12  9073.7   20 42 41   18 30  19 40   5 53  7 03   16 22   2 37    1 18  .....    45   3 37.1  16 39
Wed Aug 12/Thu Aug 13  9074.7   20 46 38   18 30  19 40   5 53  7 02   16 26   2 40    2 12  .....    35   4 26.2  19 59
Thu Aug 13/Fri Aug 14  9075.7   20 50 34   18 31  19 40   5 52  7 01   16 30   2 43    3 08  .....    26   5 18.1  22 28
Fri Aug 14/Sat Aug 15  9076.7   20 54 31   18 31  19 41   5 51  7 01   16 35   2 47    4 04  .....    18   6 12.8  23 55
Sat Aug 15/Sun Aug 16  9077.7   20 58 27   18 32  19 41   5 50  7 00   16 39   2 50    5 01  .....    11   7 09.8  24 08
Sun Aug 16/Mon Aug 17  9078.7   21 02 24   18 32  19 41   5 50  6 59   16 43   2 53    5 55  .....     5   8 08.1  22 59
Mon Aug 17/Tue Aug 18  9079.7   21 06 21   18 32  19 42   5 49  6 58   16 47   2 56    6 46  17 11     1   9 06.4  20 26
Tue Aug 18/Wed Aug 19  9080.7   21 10 17   18 33  19 42   5 48  6 57   16 52   2 59    7 33  18 15     0  10 03.7  16 38
Wed Aug 19/Thu Aug 20  9081.7   21 14 14   18 33  19 42   5 47  6 56   16 56   3 03   .....  19 20     2  10 59.5  11 49
Thu Aug 20/Fri Aug 21  9082.7   21 18 10   18 33  19 43   5 47  6 56   17 00   3 06   .....  20 24     6  11 53.9   6 16
Fri Aug 21/Sat Aug 22  9083.7   21 22 07   18 34  19 43   5 46  6 55   17 04   3 09   .....  21 28    13  12 47.3   0 22
Sat Aug 22/Sun Aug 23  9084.7   21 26 03   18 34  19 43   5 45  6 54   17 09   3 12   .....  22 31    21  13 40.4 - 5 33
Sun Aug 23/Mon Aug 24  9085.7   21 30 00   18 35  19 44   5 44  6 53   17 13   3 15   .....  23 35    32  14 34.1 -11 06
Mon Aug 24/Tue Aug 25  9086.7   21 33 56   18 35  19 44   5 43  6 52   17 17   3 18   .....   0 38    43  15 29.0 -15 59
Tue Aug 25/Wed Aug 26  9087.7   21 37 53   18 35  19 44   5 42  6 51   17 21   3 21   .....   1 42    54  16 25.6 -19 54
Wed Aug 26/Thu Aug 27  9088.7   21 41 50   18 36  19 44   5 41  6 50   17 26   3 24   .....   2 44    65  17 23.5 -22 36
Thu Aug 27/Fri Aug 28  9089.7   21 45 46   18 36  19 45   5 41  6 49   17 30   3 27   .....   3 43    75  18 22.3 -23 58
Fri Aug 28/Sat Aug 29  9090.7   21 49 43   18 36  19 45   5 40  6 48   17 34   3 30   .....   4 38    84  19 20.7 -23 55
Sat Aug 29/Sun Aug 30  9091.7   21 53 39   18 37  19 45   5 39  6 47   17 38   3 33   .....   5 27    91  20 17.6 -22 31
Sun Aug 30/Mon Aug 31  9092.7   21 57 36   18 37  19 46   5 38  6 46   17 43   3 36   .....   6 12    96  21 12.0 -19 58
Mon Aug 31/Tue Sep 01  9093.7   22 01 32   18 37  19 46   5 37  6 45   17 47   3 39   17 08   6 51    99  22 03.6 -16 27
