  Date (eve/morn)      JDmid    LMSTmidn   ---------- Sun: ---------   LST twilight:  ------------- Moon: --------------
  (2013 at start)    (-2450000)            set  twi.end twi.beg rise    eve    morn    rise   set  %illum   RA      Dec
Sun Sep 01/Mon Sep 02  6537.7   22 04 17   18 38  19 46   5 36  6 45   17 50   3 41    4 36  .....    10   8 14.0  14 59
Mon Sep 02/Tue Sep 03  6538.7   22 08 13   18 38  19 47   5 35  6 44   17 54   3 44    5 15  .....     5   9 01.5  11 57
Tue Sep 03/Wed Sep 04  6539.7   22 12 10   18 38  19 47   5 34  6 43   17 58   3 47    5 53  17 14     2   9 48.6   8 22
Wed Sep 04/Thu Sep 05  6540.7   22 16 06   18 39  19 47   5 33  6 42   18 03   3 50    6 30  18 07     0  10 35.7   4 24
Thu Sep 05/Fri Sep 06  6541.7   22 20 03   18 39  19 48   5 32  6 41   18 07   3 53    7 08  19 00     1  11 23.1   0 12
Fri Sep 06/Sat Sep 07  6542.7   22 24 00   18 39  19 48   5 31  6 40   18 11   3 56   .....  19 55     3  12 11.4 - 4 05
Sat Sep 07/Sun Sep 08  6543.7   22 27 56   18 40  19 48   5 30  6 38   18 15   3 59   .....  20 51     7  13 01.1 - 8 14
Sun Sep 08/Mon Sep 09  6544.7   22 31 53   18 40  19 49   5 29  6 37   18 20   4 02   .....  21 49    14  13 52.8 -12 03
Mon Sep 09/Tue Sep 10  6545.7   22 35 49   18 40  19 49   5 28  6 36   18 24   4 05   .....  22 48    22  14 46.7 -15 16
Tue Sep 10/Wed Sep 11  6546.7   22 39 46   18 41  19 49   5 27  6 35   18 28   4 08   .....  23 48    32  15 43.0 -17 41
Wed Sep 11/Thu Sep 12  6547.7   22 43 42   18 41  19 50   5 26  6 34   18 33   4 11   .....   0 48    43  16 41.5 -19 04
Thu Sep 12/Fri Sep 13  6548.7   22 47 39   18 42  19 50   5 25  6 33   18 37   4 13   .....   1 46    54  17 41.4 -19 16
Fri Sep 13/Sat Sep 14  6549.7   22 51 35   18 42  19 50   5 24  6 32   18 41   4 16   .....   2 42    66  18 41.8 -18 13
Sat Sep 14/Sun Sep 15  6550.7   22 55 32   18 42  19 51   5 23  6 31   18 45   4 19   .....   3 34    76  19 41.7 -15 58
Sun Sep 15/Mon Sep 16  6551.7   22 59 29   18 43  19 51   5 22  6 30   18 50   4 22   .....   4 22    86  20 40.4 -12 39
Mon Sep 16/Tue Sep 17  6552.7   23 03 25   18 43  19 51   5 21  6 29   18 54   4 25   .....   5 07    93  21 37.4 - 8 33
Tue Sep 17/Wed Sep 18  6553.7   23 07 22   18 43  19 52   5 20  6 28   18 58   4 28   16 54   5 50    98  22 32.8 - 3 57
Wed Sep 18/Thu Sep 19  6554.7   23 11 18   18 44  19 52   5 18  6 27   19 03   4 31   17 55   6 32   100  23 26.8   0 50
Thu Sep 19/Fri Sep 20  6555.7   23 15 15   18 44  19 52   5 17  6 26   19 07   4 33   18 54   7 13    99   0 19.9   5 30
Fri Sep 20/Sat Sep 21  6556.7   23 19 11   18 44  19 53   5 16  6 25   19 11   4 36   19 52  .....    96   1 12.3   9 47
Sat Sep 21/Sun Sep 22  6557.7   23 23 08   18 45  19 53   5 15  6 24   19 16   4 39   20 49  .....    91   2 04.6  13 28
Sun Sep 22/Mon Sep 23  6558.7   23 27 04   18 45  19 54   5 14  6 23   19 20   4 42   21 45  .....    85   2 56.6  16 25
Mon Sep 23/Tue Sep 24  6559.7   23 31 01   18 45  19 54   5 13  6 22   19 24   4 45   22 38  .....    77   3 48.5  18 30
Tue Sep 24/Wed Sep 25  6560.7   23 34 58   18 46  19 54   5 12  6 20   19 29   4 48   23 30  .....    68   4 40.1  19 41
Wed Sep 25/Thu Sep 26  6561.7   23 38 54   18 46  19 55   5 11  6 19   19 33   4 50    0 19  .....    59   5 31.1  19 58
Thu Sep 26/Fri Sep 27  6562.7   23 42 51   18 47  19 55   5 10  6 18   19 38   4 53    1 06  .....    49   6 21.4  19 22
Fri Sep 27/Sat Sep 28  6563.7   23 46 47   18 47  19 56   5 08  6 17   19 42   4 56    1 50  .....    40   7 10.7  17 56
Sat Sep 28/Sun Sep 29  6564.7   23 50 44   18 47  19 56   5 07  6 16   19 46   4 59    2 32  .....    31   7 59.1  15 46
Sun Sep 29/Mon Sep 30  6565.7   23 54 40   18 48  19 57   5 06  6 15   19 51   5 02    3 11  .....    23   8 46.8  12 57
Mon Sep 30/Tue Oct 01  6566.7   23 58 37   18 48  19 57   5 05  6 14   19 55   5 05    3 50  .....    15   9 34.0   9 33
