  Date (eve/morn)      JDmid    LMSTmidn   ---------- Sun: ---------   LST twilight:  ------------- Moon: --------------
  (2016 at start)    (-2450000)            set  twi.end twi.beg rise    eve    morn    rise   set  %illum   RA      Dec
Mon Aug 01/Tue Aug 02  7602.7   20 03 08   18 26  19 36   5 59  7 10   15 39   2 03    6 46  17 30     1   8 12.0  16 35
Tue Aug 02/Wed Aug 03  7603.7   20 07 05   18 26  19 37   5 59  7 09   15 43   2 07    7 33  18 28     0   9 05.9  14 11
Wed Aug 03/Thu Aug 04  7604.7   20 11 01   18 27  19 37   5 58  7 09   15 47   2 10   .....  19 25     2   9 57.6  11 07
Thu Aug 04/Fri Aug 05  7605.7   20 14 58   18 27  19 37   5 57  7 08   15 52   2 13   .....  20 20     5  10 47.0   7 37
Fri Aug 05/Sat Aug 06  7606.7   20 18 54   18 27  19 38   5 57  7 07   15 56   2 17   .....  21 13    11  11 34.6   3 51
Sat Aug 06/Sun Aug 07  7607.7   20 22 51   18 28  19 38   5 56  7 07   16 00   2 20   .....  22 05    18  12 21.0   0 01
Sun Aug 07/Mon Aug 08  7608.7   20 26 48   18 28  19 38   5 56  7 06   16 05   2 24   .....  22 55    26  13 06.6 - 3 46
Mon Aug 08/Tue Aug 09  7609.7   20 30 44   18 29  19 39   5 55  7 05   16 09   2 27   .....  23 46    34  13 52.2 - 7 22
Tue Aug 09/Wed Aug 10  7610.7   20 34 41   18 29  19 39   5 55  7 04   16 13   2 30   .....   0 36    44  14 38.3 -10 38
Wed Aug 10/Thu Aug 11  7611.7   20 38 37   18 30  19 39   5 54  7 04   16 17   2 33   .....   1 26    53  15 25.5 -13 29
Thu Aug 11/Fri Aug 12  7612.7   20 42 34   18 30  19 40   5 53  7 03   16 22   2 37   .....   2 17    63  16 14.2 -15 48
Fri Aug 12/Sat Aug 13  7613.7   20 46 30   18 30  19 40   5 53  7 02   16 26   2 40   .....   3 08    72  17 04.8 -17 25
Sat Aug 13/Sun Aug 14  7614.7   20 50 27   18 31  19 40   5 52  7 01   16 30   2 43   .....   4 00    80  17 57.1 -18 15
Sun Aug 14/Mon Aug 15  7615.7   20 54 23   18 31  19 41   5 51  7 01   16 34   2 46   .....   4 51    88  18 51.2 -18 10
Mon Aug 15/Tue Aug 16  7616.7   20 58 20   18 32  19 41   5 50  7 00   16 39   2 50   .....   5 40    94  19 46.4 -17 05
Tue Aug 16/Wed Aug 17  7617.7   21 02 17   18 32  19 41   5 50  6 59   16 43   2 53   16 48   6 28    98  20 42.3 -15 01
Wed Aug 17/Thu Aug 18  7618.7   21 06 13   18 32  19 42   5 49  6 58   16 47   2 56   17 47   7 15   100  21 38.4 -12 01
Thu Aug 18/Fri Aug 19  7619.7   21 10 10   18 33  19 42   5 48  6 57   16 51   2 59   18 48  .....    99  22 34.2 - 8 16
Fri Aug 19/Sat Aug 20  7620.7   21 14 06   18 33  19 42   5 47  6 56   16 56   3 02   19 49  .....    96  23 29.7 - 3 57
Sat Aug 20/Sun Aug 21  7621.7   21 18 03   18 33  19 43   5 47  6 56   17 00   3 06   20 50  .....    90   0 25.0   0 38
Sun Aug 21/Mon Aug 22  7622.7   21 21 59   18 34  19 43   5 46  6 55   17 04   3 09   21 52  .....    81   1 20.3   5 11
Mon Aug 22/Tue Aug 23  7623.7   21 25 56   18 34  19 43   5 45  6 54   17 08   3 12   22 54  .....    71   2 16.2   9 25
Tue Aug 23/Wed Aug 24  7624.7   21 29 52   18 35  19 44   5 44  6 53   17 13   3 15   23 56  .....    60   3 12.7  13 05
Wed Aug 24/Thu Aug 25  7625.7   21 33 49   18 35  19 44   5 43  6 52   17 17   3 18    0 57  .....    49   4 09.9  15 56
Thu Aug 25/Fri Aug 26  7626.7   21 37 46   18 35  19 44   5 42  6 51   17 21   3 21    1 57  .....    38   5 07.6  17 48
Fri Aug 26/Sat Aug 27  7627.7   21 41 42   18 36  19 44   5 41  6 50   17 25   3 24    2 55  .....    27   6 05.2  18 37
Sat Aug 27/Sun Aug 28  7628.7   21 45 39   18 36  19 45   5 41  6 49   17 30   3 27    3 50  .....    18   7 02.1  18 22
Sun Aug 28/Mon Aug 29  7629.7   21 49 35   18 36  19 45   5 40  6 48   17 34   3 30    4 41  .....    11   7 57.6  17 06
Mon Aug 29/Tue Aug 30  7630.7   21 53 32   18 37  19 45   5 39  6 47   17 38   3 33    5 28  .....     5   8 51.3  14 58
Tue Aug 30/Wed Aug 31  7631.7   21 57 28   18 37  19 46   5 38  6 46   17 42   3 36    6 11  17 15     2   9 42.9  12 08
Wed Aug 31/Thu Sep 01  7632.7   22 01 25   18 37  19 46   5 37  6 45   17 47   3 39    6 51  18 10     0  10 32.4   8 47
