  Date (eve/morn)      JDmid    LMSTmidn   ---------- Sun: ---------   LST twilight:  ------------- Moon: --------------
  (2012 at start)    (-2450000)            set  twi.end twi.beg rise    eve    morn    rise   set  %illum   RA      Dec
Sun Jul 01/Mon Jul 02  6110.7   18 00 48   18 13  19 26   6 05  7 19   13 26   0 07   16 00   6 14    96  17 09.2 -21 39
Mon Jul 02/Tue Jul 03  6111.7   18 04 44   18 13  19 26   6 06  7 19   13 30   0 11   17 03   7 13    99  18 13.7 -20 51
Tue Jul 03/Wed Jul 04  6112.7   18 08 41   18 13  19 26   6 06  7 19   13 34   0 15   18 08  .....   100  19 16.1 -18 37
Wed Jul 04/Thu Jul 05  6113.7   18 12 37   18 14  19 27   6 06  7 19   13 39   0 19   19 13  .....    97  20 15.3 -15 14
Thu Jul 05/Fri Jul 06  6114.7   18 16 34   18 14  19 27   6 06  7 18   13 43   0 23   20 15  .....    92  21 10.8 -11 02
Fri Jul 06/Sat Jul 07  6115.7   18 20 30   18 15  19 27   6 06  7 18   13 47   0 27   21 14  .....    85  22 02.9 - 6 24
Sat Jul 07/Sun Jul 08  6116.7   18 24 27   18 15  19 28   6 06  7 18   13 51   0 31   22 10  .....    77  22 52.3 - 1 36
Sun Jul 08/Mon Jul 09  6117.7   18 28 24   18 15  19 28   6 06  7 18   13 56   0 35   23 04  .....    68  23 39.9   3 06
Mon Jul 09/Tue Jul 10  6118.7   18 32 20   18 16  19 28   6 05  7 18   14 00   0 39   23 57  .....    58   0 26.4   7 33
Tue Jul 10/Wed Jul 11  6119.7   18 36 17   18 16  19 29   6 05  7 18   14 04   0 43    0 49  .....    48   1 12.7  11 35
Wed Jul 11/Thu Jul 12  6120.7   18 40 13   18 17  19 29   6 05  7 18   14 09   0 46    1 40  .....    39   1 59.5  15 06
Thu Jul 12/Fri Jul 13  6121.7   18 44 10   18 17  19 29   6 05  7 18   14 13   0 50    2 32  .....    30   2 47.1  17 59
Fri Jul 13/Sat Jul 14  6122.7   18 48 06   18 17  19 30   6 05  7 17   14 17   0 54    3 23  .....    22   3 35.9  20 07
Sat Jul 14/Sun Jul 15  6123.7   18 52 03   18 18  19 30   6 05  7 17   14 21   0 58    4 14  .....    15   4 25.9  21 23
Sun Jul 15/Mon Jul 16  6124.7   18 55 59   18 18  19 31   6 05  7 17   14 26   1 02    5 04  .....     9   5 16.9  21 44
Mon Jul 16/Tue Jul 17  6125.7   18 59 56   18 19  19 31   6 05  7 17   14 30   1 05    5 52  16 18     4   6 08.4  21 06
Tue Jul 17/Wed Jul 18  6126.7   19 03 53   18 19  19 31   6 04  7 16   14 34   1 09    6 38  17 11     1   6 59.9  19 29
Wed Jul 18/Thu Jul 19  6127.7   19 07 49   18 20  19 32   6 04  7 16   14 39   1 13    7 21  18 06     0   7 51.0  16 57
Thu Jul 19/Fri Jul 20  6128.7   19 11 46   18 20  19 32   6 04  7 16   14 43   1 17   .....  19 02     1   8 41.4  13 34
Fri Jul 20/Sat Jul 21  6129.7   19 15 42   18 20  19 32   6 04  7 15   14 47   1 20   .....  19 58     4   9 31.3   9 31
Sat Jul 21/Sun Jul 22  6130.7   19 19 39   18 21  19 33   6 03  7 15   14 52   1 24   .....  20 55     9  10 20.7   4 57
Sun Jul 22/Mon Jul 23  6131.7   19 23 35   18 21  19 33   6 03  7 15   14 56   1 28   .....  21 52    17  11 10.4   0 06
Mon Jul 23/Tue Jul 24  6132.7   19 27 32   18 22  19 33   6 03  7 14   15 00   1 31   .....  22 50    25  12 00.9 - 4 51
Tue Jul 24/Wed Jul 25  6133.7   19 31 28   18 22  19 34   6 02  7 14   15 04   1 35   .....  23 50    36  12 53.0 - 9 37
Wed Jul 25/Thu Jul 26  6134.7   19 35 25   18 23  19 34   6 02  7 13   15 09   1 38   .....   0 52    47  13 47.4 -13 57
Thu Jul 26/Fri Jul 27  6135.7   19 39 22   18 23  19 34   6 02  7 13   15 13   1 42   .....   1 55    58  14 44.5 -17 32
Fri Jul 27/Sat Jul 28  6136.7   19 43 18   18 24  19 35   6 01  7 12   15 17   1 46   .....   2 58    69  15 44.4 -20 06
Sat Jul 28/Sun Jul 29  6137.7   19 47 15   18 24  19 35   6 01  7 12   15 22   1 49   .....   4 00    80  16 46.3 -21 21
Sun Jul 29/Mon Jul 30  6138.7   19 51 11   18 24  19 35   6 00  7 11   15 26   1 53   .....   5 00    88  17 49.1 -21 11
Mon Jul 30/Tue Jul 31  6139.7   19 55 08   18 25  19 36   6 00  7 11   15 30   1 56   .....   5 54    95  18 51.0 -19 35
Tue Jul 31/Wed Aug 01  6140.7   19 59 04   18 25  19 36   6 00  7 10   15 34   2 00   16 55   6 44    99  19 50.7 -16 43
