  Date (eve/morn)      JDmid    LMSTmidn   ---------- Sun: ---------   LST twilight:  ------------- Moon: --------------
  (2014 at start)    (-2450000)            set  twi.end twi.beg rise    eve    morn    rise   set  %illum   RA      Dec
Mon Sep 01/Tue Sep 02  6902.7   22 03 19   18 38  19 46   5 36  6 45   17 49   3 41   .....   0 58    46  16 15.2 -17 15
Tue Sep 02/Wed Sep 03  6903.7   22 07 16   18 38  19 46   5 35  6 44   17 53   3 44   .....   1 55    57  17 12.0 -18 15
Wed Sep 03/Thu Sep 04  6904.7   22 11 13   18 38  19 47   5 34  6 43   17 57   3 47   .....   2 52    68  18 10.9 -18 11
Thu Sep 04/Fri Sep 05  6905.7   22 15 09   18 39  19 47   5 33  6 42   18 02   3 49   .....   3 47    78  19 11.4 -16 55
Fri Sep 05/Sat Sep 06  6906.7   22 19 06   18 39  19 47   5 32  6 41   18 06   3 52   .....   4 39    87  20 12.3 -14 28
Sat Sep 06/Sun Sep 07  6907.7   22 23 02   18 39  19 48   5 31  6 40   18 10   3 55   .....   5 29    94  21 13.0 -10 58
Sun Sep 07/Mon Sep 08  6908.7   22 26 59   18 40  19 48   5 30  6 39   18 14   3 58   17 09   6 17    99  22 12.8 - 6 40
Mon Sep 08/Tue Sep 09  6909.7   22 30 55   18 40  19 48   5 29  6 38   18 19   4 01   18 14   7 04   100  23 11.5 - 1 54
Tue Sep 09/Wed Sep 10  6910.7   22 34 52   18 40  19 49   5 28  6 37   18 23   4 04   19 19  .....    98   0 09.2   2 56
Wed Sep 10/Thu Sep 11  6911.7   22 38 48   18 41  19 49   5 27  6 36   18 27   4 07   20 22  .....    93   1 06.0   7 30
Thu Sep 11/Fri Sep 12  6912.7   22 42 45   18 41  19 49   5 26  6 35   18 32   4 10   21 24  .....    87   2 02.1  11 31
Fri Sep 12/Sat Sep 13  6913.7   22 46 42   18 41  19 50   5 25  6 33   18 36   4 13   22 24  .....    78   2 57.5  14 45
Sat Sep 13/Sun Sep 14  6914.7   22 50 38   18 42  19 50   5 24  6 32   18 40   4 16   23 21  .....    68   3 52.3  17 04
Sun Sep 14/Mon Sep 15  6915.7   22 54 35   18 42  19 51   5 23  6 31   18 44   4 19    0 16  .....    58   4 46.1  18 27
Mon Sep 15/Tue Sep 16  6916.7   22 58 31   18 42  19 51   5 22  6 30   18 49   4 21    1 07  .....    48   5 38.8  18 54
Tue Sep 16/Wed Sep 17  6917.7   23 02 28   18 43  19 51   5 21  6 29   18 53   4 24    1 55  .....    39   6 30.2  18 27
Wed Sep 17/Thu Sep 18  6918.7   23 06 24   18 43  19 52   5 20  6 28   18 57   4 27    2 40  .....    30   7 20.0  17 12
Thu Sep 18/Fri Sep 19  6919.7   23 10 21   18 44  19 52   5 19  6 27   19 02   4 30    3 22  .....    22   8 08.3  15 15
Fri Sep 19/Sat Sep 20  6920.7   23 14 17   18 44  19 52   5 18  6 26   19 06   4 33    4 02  .....    14   8 55.3  12 42
Sat Sep 20/Sun Sep 21  6921.7   23 18 14   18 44  19 53   5 17  6 25   19 10   4 36    4 39  .....     9   9 41.3   9 39
Sun Sep 21/Mon Sep 22  6922.7   23 22 11   18 45  19 53   5 15  6 24   19 15   4 38    5 15  16 45     4  10 26.6   6 15
Mon Sep 22/Tue Sep 23  6923.7   23 26 07   18 45  19 54   5 14  6 23   19 19   4 41    5 51  17 35     1  11 11.6   2 35
Tue Sep 23/Wed Sep 24  6924.7   23 30 04   18 45  19 54   5 13  6 22   19 23   4 44    6 27  18 26     0  11 56.9 - 1 12
Wed Sep 24/Thu Sep 25  6925.7   23 34 00   18 46  19 54   5 12  6 21   19 28   4 47    7 04  19 17     1  12 42.9 - 4 58
Thu Sep 25/Fri Sep 26  6926.7   23 37 57   18 46  19 55   5 11  6 20   19 32   4 50   .....  20 09     3  13 30.1 - 8 34
Fri Sep 26/Sat Sep 27  6927.7   23 41 53   18 46  19 55   5 10  6 19   19 36   4 53   .....  21 03     8  14 18.9 -11 50
Sat Sep 27/Sun Sep 28  6928.7   23 45 50   18 47  19 56   5 09  6 18   19 41   4 55   .....  21 58    14  15 09.8 -14 35
Sun Sep 28/Mon Sep 29  6929.7   23 49 46   18 47  19 56   5 08  6 17   19 45   4 58   .....  22 53    22  16 02.8 -16 39
Mon Sep 29/Tue Sep 30  6930.7   23 53 43   18 48  19 57   5 06  6 15   19 50   5 01   .....  23 49    32  16 57.8 -17 52
Tue Sep 30/Wed Oct 01  6931.7   23 57 40   18 48  19 57   5 05  6 14   19 54   5 04   .....   0 45    42  17 54.7 -18 05
