  Date (eve/morn)      JDmid    LMSTmidn   ---------- Sun: ---------   LST twilight:  ------------- Moon: --------------
  (2018 at start)    (-2450000)            set  twi.end twi.beg rise    eve    morn    rise   set  %illum   RA      Dec
Fri Jun 01/Sat Jun 02  8271.7   16 00 44   18 08  19 21   5 58  7 11   11 21  22 00   20 36  .....    88  19 33.1 -20 12
Sat Jun 02/Sun Jun 03  8272.7   16 04 40   18 08  19 21   5 58  7 11   11 25  22 04   21 26  .....    81  20 23.5 -18 54
Sun Jun 03/Mon Jun 04  8273.7   16 08 37   18 08  19 21   5 59  7 12   11 29  22 08   22 18  .....    73  21 12.8 -16 46
Mon Jun 04/Tue Jun 05  8274.7   16 12 33   18 08  19 21   5 59  7 12   11 33  22 13   23 09  .....    65  22 01.0 -13 55
Tue Jun 05/Wed Jun 06  8275.7   16 16 30   18 08  19 21   5 59  7 12   11 37  22 17    0 01  .....    55  22 48.4 -10 27
Wed Jun 06/Thu Jun 07  8276.7   16 20 27   18 08  19 21   6 00  7 13   11 41  22 21    0 54  .....    45  23 35.4 - 6 29
Thu Jun 07/Fri Jun 08  8277.7   16 24 23   18 08  19 21   6 00  7 13   11 45  22 26    1 48  .....    35   0 22.6 - 2 08
Fri Jun 08/Sat Jun 09  8278.7   16 28 20   18 08  19 21   6 00  7 14   11 49  22 30    2 43  .....    26   1 10.9   2 25
Sat Jun 09/Sun Jun 10  8279.7   16 32 16   18 08  19 21   6 01  7 14   11 53  22 34    3 41  .....    17   2 00.9   6 59
Sun Jun 10/Mon Jun 11  8280.7   16 36 13   18 08  19 21   6 01  7 14   11 57  22 38    4 41  .....    10   2 53.5  11 22
Mon Jun 11/Tue Jun 12  8281.7   16 40 09   18 08  19 21   6 01  7 15   12 01  22 43    5 45  16 32     4   3 49.3  15 16
Tue Jun 12/Wed Jun 13  8282.7   16 44 06   18 08  19 22   6 02  7 15   12 05  22 47    6 50  17 22     1   4 48.3  18 20
Wed Jun 13/Thu Jun 14  8283.7   16 48 02   18 08  19 22   6 02  7 15   12 09  22 51    7 56  18 18     0   5 50.1  20 17
Thu Jun 14/Fri Jun 15  8284.7   16 51 59   18 08  19 22   6 02  7 16   12 13  22 55   .....  19 19     3   6 53.5  20 51
Fri Jun 15/Sat Jun 16  8285.7   16 55 56   18 09  19 22   6 03  7 16   12 17  22 59   .....  20 23     8   7 56.7  19 59
Sat Jun 16/Sun Jun 17  8286.7   16 59 52   18 09  19 22   6 03  7 16   12 21  23 04   .....  21 29    15   8 58.1  17 47
Sun Jun 17/Mon Jun 18  8287.7   17 03 49   18 09  19 22   6 03  7 16   12 25  23 08   .....  22 33    25   9 56.7  14 30
Mon Jun 18/Tue Jun 19  8288.7   17 07 45   18 09  19 22   6 03  7 17   12 29  23 12   .....  23 35    35  10 52.3  10 26
Tue Jun 19/Wed Jun 20  8289.7   17 11 42   18 09  19 23   6 04  7 17   12 34  23 16   .....   0 35    46  11 45.1   5 54
Wed Jun 20/Thu Jun 21  8290.7   17 15 38   18 09  19 23   6 04  7 17   12 38  23 20   .....   1 32    57  12 35.8   1 11
Thu Jun 21/Fri Jun 22  8291.7   17 19 35   18 10  19 23   6 04  7 17   12 42  23 25   .....   2 28    67  13 25.3 - 3 29
Fri Jun 22/Sat Jun 23  8292.7   17 23 31   18 10  19 23   6 04  7 18   12 46  23 29   .....   3 23    77  14 14.3 - 7 53
Sat Jun 23/Sun Jun 24  8293.7   17 27 28   18 10  19 24   6 04  7 18   12 50  23 33   .....   4 17    85  15 03.3 -11 52
Sun Jun 24/Mon Jun 25  8294.7   17 31 25   18 10  19 24   6 05  7 18   12 54  23 37   .....   5 10    91  15 53.0 -15 16
Mon Jun 25/Tue Jun 26  8295.7   17 35 21   18 11  19 24   6 05  7 18   12 59  23 41   16 14   6 03    96  16 43.5 -17 56
Tue Jun 26/Wed Jun 27  8296.7   17 39 18   18 11  19 24   6 05  7 18   13 03  23 45   16 57   6 55    99  17 34.8 -19 44
Wed Jun 27/Thu Jun 28  8297.7   17 43 14   18 11  19 25   6 05  7 18   13 07  23 49   17 43   7 45   100  18 26.4 -20 37
Thu Jun 28/Fri Jun 29  8298.7   17 47 11   18 12  19 25   6 05  7 18   13 11  23 53   18 31  .....    99  19 18.0 -20 33
Fri Jun 29/Sat Jun 30  8299.7   17 51 07   18 12  19 25   6 05  7 18   13 16  23 57   19 21  .....    96  20 09.0 -19 32
Sat Jun 30/Sun Jul 01  8300.7   17 55 04   18 12  19 25   6 05  7 19   13 20   0 01   20 12  .....    92  20 58.9 -17 38
