  Date (eve/morn)      JDmid    LMSTmidn   ---------- Sun: ---------   LST twilight:  ------------- Moon: --------------
  (2018 at start)    (-2450000)            set  twi.end twi.beg rise    eve    morn    rise   set  %illum   RA      Dec
Mon Oct 01/Tue Oct 02  8393.7    0 01 44   18 48  19 58   5 04  6 13   19 59   5 07    0 59  .....    52   6 28.6  21 17
Tue Oct 02/Wed Oct 03  8394.7    0 05 40   18 49  19 58   5 03  6 12   20 03   5 10    1 57  .....    41   7 28.7  21 03
Wed Oct 03/Thu Oct 04  8395.7    0 09 37   18 49  19 59   5 02  6 11   20 07   5 12    2 52  .....    30   8 28.7  19 30
Thu Oct 04/Fri Oct 05  8396.7    0 13 33   18 50  19 59   5 01  6 10   20 12   5 15    3 43  .....    20   9 27.5  16 45
Fri Oct 05/Sat Oct 06  8397.7    0 17 30   18 50  20 00   5 00  6 09   20 16   5 18    4 31  .....    12  10 24.5  13 00
Sat Oct 06/Sun Oct 07  8398.7    0 21 26   18 50  20 00   4 59  6 08   20 21   5 21    5 15  .....     5  11 19.7   8 31
Sun Oct 07/Mon Oct 08  8399.7    0 25 23   18 51  20 01   4 58  6 07   20 25   5 24    5 57  17 32     1  12 13.3   3 37
Mon Oct 08/Tue Oct 09  8400.7    0 29 19   18 51  20 01   4 56  6 06   20 30   5 27    6 38  18 34     0  13 05.6 - 1 24
Tue Oct 09/Wed Oct 10  8401.7    0 33 16   18 52  20 02   4 55  6 05   20 34   5 29   .....  19 34     1  13 57.2 - 6 15
Wed Oct 10/Thu Oct 11  8402.7    0 37 13   18 52  20 02   4 54  6 04   20 39   5 32   .....  20 33     5  14 48.5 -10 40
Thu Oct 11/Fri Oct 12  8403.7    0 41 09   18 53  20 03   4 53  6 03   20 43   5 35   .....  21 31    10  15 39.9 -14 27
Fri Oct 12/Sat Oct 13  8404.7    0 45 06   18 53  20 03   4 52  6 02   20 48   5 38   .....  22 27    17  16 31.6 -17 25
Sat Oct 13/Sun Oct 14* 8405.7    0 49 02   18 54  20 04   5 51  7 01   20 52   5 41   .....  23 22    26  17 23.5 -19 30
Sun Oct 14/Mon Oct 15  8406.6   23 52 49   19 54  21 05   5 50  7 00   20 57   5 44   .....   1 14    34  18 13.2 -20 39
Mon Oct 15/Tue Oct 16  8407.6   23 56 45   19 55  21 05   5 49  7 00   21 02   5 47   .....   2 04    43  19 04.9 -20 49
Tue Oct 16/Wed Oct 17  8408.6    0 00 42   19 55  21 06   5 48  6 59   21 06   5 49   .....   2 50    53  19 55.9 -20 00
Wed Oct 17/Thu Oct 18  8409.6    0 04 39   19 56  21 07   5 47  6 58   21 11   5 52   .....   3 33    62  20 46.0 -18 18
Thu Oct 18/Fri Oct 19  8410.6    0 08 35   19 56  21 07   5 46  6 57   21 15   5 55   .....   4 13    71  21 35.1 -15 46
Fri Oct 19/Sat Oct 20  8411.6    0 12 32   19 57  21 08   5 45  6 56   21 20   5 58   .....   4 51    80  22 23.4 -12 30
Sat Oct 20/Sun Oct 21  8412.6    0 16 28   19 57  21 09   5 44  6 55   21 25   6 01   .....   5 27    87  23 11.1 - 8 39
Sun Oct 21/Mon Oct 22  8413.6    0 20 25   19 58  21 09   5 43  6 54   21 29   6 04   17 09   6 03    93  23 58.7 - 4 20
Mon Oct 22/Tue Oct 23  8414.6    0 24 21   19 58  21 10   5 42  6 53   21 34   6 07   18 02   6 39    97   0 46.7   0 18
Tue Oct 23/Wed Oct 24  8415.6    0 28 18   19 59  21 11   5 41  6 53   21 39   6 10   18 57  .....   100   1 35.9   5 02
Wed Oct 24/Thu Oct 25  8416.6    0 32 14   19 59  21 11   5 40  6 52   21 43   6 13   19 53  .....   100   2 26.7   9 38
Thu Oct 25/Fri Oct 26  8417.6    0 36 11   20 00  21 12   5 39  6 51   21 48   6 16   20 52  .....    97   3 19.7  13 51
Fri Oct 26/Sat Oct 27  8418.6    0 40 08   20 00  21 13   5 38  6 50   21 53   6 19   21 52  .....    93   4 15.2  17 24
Sat Oct 27/Sun Oct 28  8419.6    0 44 04   20 01  21 14   5 37  6 49   21 57   6 22   22 53  .....    86   5 13.0  20 01
Sun Oct 28/Mon Oct 29  8420.6    0 48 01   20 02  21 14   5 36  6 49   22 02   6 25   23 54  .....    77   6 12.7  21 26
Mon Oct 29/Tue Oct 30  8421.6    0 51 57   20 02  21 15   5 35  6 48   22 07   6 28    0 53  .....    67   7 13.1  21 34
Tue Oct 30/Wed Oct 31  8422.6    0 55 54   20 03  21 16   5 34  6 47   22 11   6 31    1 49  .....    56   8 13.1  20 21
Wed Oct 31/Thu Nov 01  8423.6    0 59 50   20 03  21 17   5 33  6 47   22 16   6 34    2 41  .....    45   9 11.6  17 56
