  Date (eve/morn)      JDmid    LMSTmidn   ---------- Sun: ---------   LST twilight:  ------------- Moon: --------------
  (2019 at start)    (-2450000)            set  twi.end twi.beg rise    eve    morn    rise   set  %illum   RA      Dec
Fri Mar 01/Sat Mar 02  8544.6    8 56 54   20 19  21 29   6 19  7 29    6 25  15 17    3 58  17 14    17  19 36.3 -20 39
Sat Mar 02/Sun Mar 03  8545.6    9 00 50   20 18  21 28   6 20  7 30    6 28  15 22    4 49  18 00    11  20 26.0 -19 21
Sun Mar 03/Mon Mar 04  8546.6    9 04 47   20 17  21 27   6 21  7 30    6 31  15 26    5 40  18 42     6  21 14.5 -17 12
Mon Mar 04/Tue Mar 05  8547.6    9 08 43   20 16  21 26   6 21  7 31    6 34  15 31    6 32  19 22     2  22 01.6 -14 19
Tue Mar 05/Wed Mar 06  8548.6    9 12 40   20 15  21 25   6 22  7 31    6 37  15 35   .....  19 59     0  22 47.6 -10 50
Wed Mar 06/Thu Mar 07  8549.6    9 16 36   20 14  21 23   6 22  7 32    6 40  15 40   .....  20 34     0  23 32.7 - 6 53
Thu Mar 07/Fri Mar 08  8550.6    9 20 33   20 13  21 22   6 23  7 32    6 43  15 45   .....  21 08     2   0 17.3 - 2 37
Fri Mar 08/Sat Mar 09  8551.6    9 24 29   20 12  21 21   6 24  7 33    6 45  15 49   .....  21 41     5   1 02.1   1 50
Sat Mar 09/Sun Mar 10* 8552.6    9 28 26   20 11  21 20   5 24  6 33    6 48  15 54   .....  22 16    11   1 47.7   6 17
Sun Mar 10/Mon Mar 11  8553.7   10 32 32   19 10  20 19   5 25  6 34    6 51  15 58   .....  21 52    18   2 37.1  10 44
Mon Mar 11/Tue Mar 12  8554.7   10 36 29   19 09  20 18   5 25  6 34    6 54  16 03   .....  22 31    26   3 26.3  14 40
Tue Mar 12/Wed Mar 13  8555.7   10 40 26   19 08  20 17   5 26  6 35    6 57  16 07   .....  23 14    36   4 18.3  18 01
Wed Mar 13/Thu Mar 14  8556.7   10 44 22   19 07  20 16   5 26  6 35    7 00  16 12   .....   0 01    46   5 13.4  20 33
Thu Mar 14/Fri Mar 15  8557.7   10 48 19   19 06  20 15   5 27  6 36    7 03  16 16   .....   0 54    57   6 11.7  22 02
Fri Mar 15/Sat Mar 16  8558.7   10 52 15   19 05  20 14   5 27  6 36    7 05  16 20   .....   1 53    68   7 12.4  22 13
Sat Mar 16/Sun Mar 17  8559.7   10 56 12   19 04  20 13   5 28  6 37    7 08  16 25   .....   2 56    79   8 14.5  20 59
Sun Mar 17/Mon Mar 18  8560.7   11 00 08   19 03  20 12   5 28  6 37    7 11  16 29   .....   4 02    88   9 16.6  18 20
Mon Mar 18/Tue Mar 19  8561.7   11 04 05   19 02  20 11   5 29  6 37    7 14  16 34   17 20   5 09    94  10 17.6  14 26
Tue Mar 19/Wed Mar 20  8562.7   11 08 01   19 01  20 09   5 29  6 38    7 17  16 38   18 08   6 15    99  11 16.8   9 33
Wed Mar 20/Thu Mar 21  8563.7   11 11 58   19 00  20 08   5 30  6 38    7 20  16 43   18 53  .....   100  12 14.3   4 07
Thu Mar 21/Fri Mar 22  8564.7   11 15 55   18 59  20 07   5 30  6 39    7 23  16 47   19 35  .....    98  13 10.2 - 1 28
Fri Mar 22/Sat Mar 23  8565.7   11 19 51   18 58  20 06   5 31  6 39    7 26  16 51   20 17  .....    93  14 05.1 - 6 48
Sat Mar 23/Sun Mar 24  8566.7   11 23 48   18 57  20 05   5 31  6 40    7 28  16 56   20 59  .....    87  14 59.4 -11 35
Sun Mar 24/Mon Mar 25  8567.7   11 27 44   18 56  20 04   5 32  6 40    7 31  17 00   21 41  .....    78  15 53.5 -15 33
Mon Mar 25/Tue Mar 26  8568.7   11 31 41   18 55  20 03   5 32  6 40    7 34  17 05   22 26  .....    69  16 47.5 -18 34
Tue Mar 26/Wed Mar 27  8569.7   11 35 37   18 54  20 02   5 32  6 41    7 37  17 09   23 13  .....    59  17 41.1 -20 30
Wed Mar 27/Thu Mar 28  8570.7   11 39 34   18 53  20 01   5 33  6 41    7 40  17 13    0 01  .....    49  18 34.2 -21 22
Thu Mar 28/Fri Mar 29  8571.7   11 43 30   18 52  20 00   5 33  6 42    7 43  17 18    0 52  .....    40  19 26.1 -21 11
Fri Mar 29/Sat Mar 30  8572.7   11 47 27   18 51  19 59   5 34  6 42    7 46  17 22    1 43  .....    31  20 16.7 -20 01
Sat Mar 30/Sun Mar 31  8573.7   11 51 24   18 50  19 58   5 34  6 43    7 49  17 26    2 35  .....    22  21 05.8 -17 59
Sun Mar 31/Mon Apr 01  8574.7   11 55 20   18 49  19 57   5 35  6 43    7 52  17 31    3 26  .....    15  21 53.3 -15 12
