  Date (eve/morn)      JDmid    LMSTmidn   ---------- Sun: ---------   LST twilight:  ------------- Moon: --------------
  (2021 at start)    (-2450000)            set  twi.end twi.beg rise    eve    morn    rise   set  %illum   RA      Dec
Tue Jun 01/Wed Jun 02  9367.7   16 01 48   18 08  19 21   5 58  7 11   11 22  22 01    0 23  .....    51  22 58.4 -12 13
Wed Jun 02/Thu Jun 03  9368.7   16 05 45   18 08  19 21   5 59  7 11   11 26  22 05    1 18  .....    41  23 44.9 - 7 11
Thu Jun 03/Fri Jun 04  9369.7   16 09 42   18 08  19 21   5 59  7 12   11 30  22 10    2 10  .....    31   0 29.2 - 2 00
Fri Jun 04/Sat Jun 05  9370.7   16 13 38   18 08  19 21   5 59  7 12   11 34  22 14    3 01  .....    23   1 12.3   3 09
Sat Jun 05/Sun Jun 06  9371.7   16 17 35   18 08  19 21   6 00  7 13   11 38  22 18    3 51  .....    15   1 55.3   8 09
Sun Jun 06/Mon Jun 07  9372.7   16 21 31   18 08  19 21   6 00  7 13   11 42  22 22    4 42  .....     9   2 38.9  12 48
Mon Jun 07/Tue Jun 08  9373.7   16 25 28   18 08  19 21   6 00  7 13   11 46  22 27    5 34  16 22     5   3 24.0  16 59
Tue Jun 08/Wed Jun 09  9374.7   16 29 24   18 08  19 21   6 01  7 14   11 50  22 31    6 27  16 58     1   4 11.0  20 32
Wed Jun 09/Thu Jun 10  9375.7   16 33 21   18 08  19 21   6 01  7 14   11 54  22 35    7 21  17 38     0   5 00.2  23 17
Thu Jun 10/Fri Jun 11  9376.7   16 37 17   18 08  19 21   6 01  7 14   11 58  22 39   .....  18 23     0   5 51.4  25 02
Fri Jun 11/Sat Jun 12  9377.7   16 41 14   18 08  19 21   6 02  7 15   12 02  22 44   .....  19 12     3   6 44.2  25 40
Sat Jun 12/Sun Jun 13  9378.7   16 45 11   18 08  19 22   6 02  7 15   12 06  22 48   .....  20 05     7   7 37.6  25 06
Sun Jun 13/Mon Jun 14  9379.7   16 49 07   18 08  19 22   6 02  7 15   12 10  22 52   .....  21 00    12   8 30.9  23 20
Mon Jun 14/Tue Jun 15  9380.7   16 53 04   18 09  19 22   6 02  7 16   12 14  22 56   .....  21 57    20   9 23.3  20 25
Tue Jun 15/Wed Jun 16  9381.7   16 57 00   18 09  19 22   6 03  7 16   12 18  23 01   .....  22 55    28  10 14.5  16 28
Wed Jun 16/Thu Jun 17  9382.7   17 00 57   18 09  19 22   6 03  7 16   12 22  23 05   .....  23 53    38  11 04.7  11 39
Thu Jun 17/Fri Jun 18  9383.7   17 04 53   18 09  19 22   6 03  7 17   12 26  23 09   .....   0 51    49  11 54.4   6 10
Fri Jun 18/Sat Jun 19  9384.7   17 08 50   18 09  19 23   6 03  7 17   12 31  23 13   .....   1 50    60  12 44.5   0 13
Sat Jun 19/Sun Jun 20  9385.7   17 12 46   18 09  19 23   6 04  7 17   12 35  23 17   .....   2 51    71  13 36.1 - 5 54
Sun Jun 20/Mon Jun 21  9386.7   17 16 43   18 10  19 23   6 04  7 17   12 39  23 22   .....   3 56    81  14 30.3 -11 53
Mon Jun 21/Tue Jun 22  9387.7   17 20 40   18 10  19 23   6 04  7 17   12 43  23 26   .....   5 03    90  15 28.1 -17 18
Tue Jun 22/Wed Jun 23  9388.7   17 24 36   18 10  19 23   6 04  7 18   12 47  23 30   16 01   6 13    96  16 30.0 -21 41
Wed Jun 23/Thu Jun 24  9389.7   17 28 33   18 10  19 24   6 04  7 18   12 51  23 34   16 54   7 22    99  17 35.3 -24 34
Thu Jun 24/Fri Jun 25  9390.7   17 32 29   18 11  19 24   6 05  7 18   12 56  23 38   17 55  .....   100  18 42.2 -25 38
Fri Jun 25/Sat Jun 26  9391.7   17 36 26   18 11  19 24   6 05  7 18   13 00  23 42   19 00  .....    97  19 48.1 -24 49
Sat Jun 26/Sun Jun 27  9392.7   17 40 22   18 11  19 24   6 05  7 18   13 04  23 46   20 06  .....    92  20 50.5 -22 20
Sun Jun 27/Mon Jun 28  9393.7   17 44 19   18 11  19 25   6 05  7 18   13 08  23 50   21 11  .....    84  21 48.2 -18 34
Mon Jun 28/Tue Jun 29  9394.7   17 48 15   18 12  19 25   6 05  7 18   13 12  23 54   22 11  .....    76  22 41.2 -13 57
Tue Jun 29/Wed Jun 30  9395.7   17 52 12   18 12  19 25   6 05  7 18   13 17  23 58   23 09  .....    66  23 30.2 - 8 51
Wed Jun 30/Thu Jul 01  9396.7   17 56 09   18 12  19 26   6 05  7 19   13 21   0 03    0 03  .....    56   0 16.2 - 3 33
