  Date (eve/morn)      JDmid    LMSTmidn   ---------- Sun: ---------   LST twilight:  ------------- Moon: --------------
  (2014 at start)    (-2450000)            set  twi.end twi.beg rise    eve    morn    rise   set  %illum   RA      Dec
Sat Nov 01/Sun Nov 02  6963.6    1 03 40   20 04  21 18   5 32  6 46   22 21   6 37   .....   3 47    72  22 24.2 - 5 33
Sun Nov 02/Mon Nov 03  6964.6    1 07 36   20 05  21 18   5 32  6 45   22 26   6 40   .....   4 31    82  23 19.5 - 1 02
Mon Nov 03/Tue Nov 04  6965.6    1 11 33   20 05  21 19   5 31  6 45   22 30   6 43   .....   5 14    90   0 14.8   3 35
Tue Nov 04/Wed Nov 05  6966.6    1 15 29   20 06  21 20   5 30  6 44   22 35   6 46   17 47   5 59    96   1 10.3   8 01
Wed Nov 05/Thu Nov 06  6967.6    1 19 26   20 07  21 21   5 29  6 44   22 40   6 50   18 48   6 44    99   2 06.4  11 58
Thu Nov 06/Fri Nov 07  6968.6    1 23 22   20 07  21 22   5 28  6 43   22 45   6 53   19 48  .....   100   3 02.9  15 11
Fri Nov 07/Sat Nov 08  6969.6    1 27 19   20 08  21 23   5 28  6 42   22 50   6 56   20 47  .....    98   3 59.5  17 29
Sat Nov 08/Sun Nov 09  6970.6    1 31 15   20 09  21 24   5 27  6 42   22 54   6 59   21 44  .....    94   4 55.6  18 47
Sun Nov 09/Mon Nov 10  6971.6    1 35 12   20 09  21 24   5 26  6 41   22 59   7 02   22 38  .....    88   5 50.6  19 03
Mon Nov 10/Tue Nov 11  6972.6    1 39 08   20 10  21 25   5 26  6 41   23 04   7 06   23 27  .....    81   6 43.9  18 23
Tue Nov 11/Wed Nov 12  6973.6    1 43 05   20 11  21 26   5 25  6 40   23 09   7 09    0 13  .....    73   7 35.2  16 52
Wed Nov 12/Thu Nov 13  6974.6    1 47 02   20 11  21 27   5 24  6 40   23 14   7 12    0 55  .....    64   8 24.4  14 40
Thu Nov 13/Fri Nov 14  6975.6    1 50 58   20 12  21 28   5 24  6 40   23 19   7 15    1 35  .....    54   9 11.8  11 53
Fri Nov 14/Sat Nov 15  6976.6    1 54 55   20 13  21 29   5 23  6 39   23 23   7 19    2 12  .....    45   9 57.8   8 41
Sat Nov 15/Sun Nov 16  6977.6    1 58 51   20 14  21 30   5 22  6 39   23 28   7 22    2 48  .....    36  10 42.9   5 10
Sun Nov 16/Mon Nov 17  6978.6    2 02 48   20 14  21 31   5 22  6 38   23 33   7 26    3 23  .....    27  11 27.9   1 28
Mon Nov 17/Tue Nov 18  6979.6    2 06 44   20 15  21 32   5 21  6 38   23 38   7 29    3 59  .....    19  12 13.4 - 2 20
Tue Nov 18/Wed Nov 19  6980.6    2 10 41   20 16  21 33   5 21  6 38   23 43   7 32    4 36  .....    12  12 59.9 - 6 06
Wed Nov 19/Thu Nov 20  6981.6    2 14 37   20 16  21 34   5 20  6 38   23 48   7 36    5 16  17 45     6  13 48.2 - 9 39
Thu Nov 20/Fri Nov 21  6982.6    2 18 34   20 17  21 34   5 20  6 37   23 53   7 39    5 59  18 40     2  14 38.7 -12 49
Fri Nov 21/Sat Nov 22  6983.6    2 22 31   20 18  21 35   5 20  6 37   23 58   7 43   .....  19 37     0  15 31.7 -15 24
Sat Nov 22/Sun Nov 23  6984.6    2 26 27   20 19  21 36   5 19  6 37    0 02   7 47   .....  20 35     1  16 27.0 -17 12
Sun Nov 23/Mon Nov 24  6985.6    2 30 24   20 19  21 37   5 19  6 37    0 07   7 50   .....  21 33     3  17 24.3 -18 01
Mon Nov 24/Tue Nov 25  6986.6    2 34 20   20 20  21 38   5 19  6 37    0 12   7 54   .....  22 30     8  18 22.6 -17 45
Tue Nov 25/Wed Nov 26  6987.6    2 38 17   20 21  21 39   5 18  6 36    0 17   7 57   .....  23 24    15  19 21.1 -16 21
Wed Nov 26/Thu Nov 27  6988.6    2 42 13   20 22  21 40   5 18  6 36    0 22   8 01   .....   0 15    24  20 18.9 -13 55
Thu Nov 27/Fri Nov 28  6989.6    2 46 10   20 22  21 41   5 18  6 36    0 27   8 05   .....   1 02    35  21 15.5 -10 37
Fri Nov 28/Sat Nov 29  6990.6    2 50 06   20 23  21 42   5 18  6 36    0 32   8 09   .....   1 47    46  22 10.8 - 6 39
Sat Nov 29/Sun Nov 30  6991.6    2 54 03   20 24  21 43   5 17  6 36    0 36   8 12   .....   2 30    58  23 05.1 - 2 17
Sun Nov 30/Mon Dec 01  6992.6    2 58 00   20 25  21 44   5 17  6 36    0 41   8 16   .....   3 12    69  23 58.9   2 14
