  Date (eve/morn)      JDmid    LMSTmidn   ---------- Sun: ---------   LST twilight:  ------------- Moon: --------------
  (2019 at start)    (-2450000)            set  twi.end twi.beg rise    eve    morn    rise   set  %illum   RA      Dec
Thu Aug 01/Fri Aug 02  8697.7   20 00 16   18 25  19 36   5 59  7 10   15 36   2 01   .....  19 13     2   9 48.4  16 36
Fri Aug 02/Sat Aug 03  8698.7   20 04 13   18 26  19 37   5 59  7 10   15 40   2 04   .....  20 20     6  10 47.0  12 12
Sat Aug 03/Sun Aug 04  8699.7   20 08 09   18 26  19 37   5 58  7 09   15 44   2 08   .....  21 26    13  11 43.2   7 05
Sun Aug 04/Mon Aug 05  8700.7   20 12 06   18 27  19 37   5 58  7 08   15 49   2 11   .....  22 29    22  12 37.4   1 39
Mon Aug 05/Tue Aug 06  8701.7   20 16 03   18 27  19 38   5 57  7 08   15 53   2 14   .....  23 31    32  13 30.2 - 3 46
Tue Aug 06/Wed Aug 07  8702.7   20 19 59   18 28  19 38   5 57  7 07   15 57   2 18   .....   0 31    43  14 22.5 - 8 52
Wed Aug 07/Thu Aug 08  8703.7   20 23 56   18 28  19 38   5 56  7 06   16 01   2 21   .....   1 31    54  15 14.8 -13 24
Thu Aug 08/Fri Aug 09  8704.7   20 27 52   18 28  19 39   5 56  7 06   16 06   2 24   .....   2 29    65  16 07.8 -17 09
Fri Aug 09/Sat Aug 10  8705.7   20 31 49   18 29  19 39   5 55  7 05   16 10   2 28   .....   3 26    74  17 01.5 -19 58
Sat Aug 10/Sun Aug 11  8706.7   20 35 45   18 29  19 39   5 54  7 04   16 14   2 31   .....   4 22    83  17 55.8 -21 43
Sun Aug 11/Mon Aug 12  8707.7   20 39 42   18 30  19 40   5 54  7 04   16 19   2 34   .....   5 14    90  18 50.1 -22 20
Mon Aug 12/Tue Aug 13  8708.7   20 43 38   18 30  19 40   5 53  7 03   16 23   2 38   .....   6 03    95  19 43.8 -21 50
Tue Aug 13/Wed Aug 14  8709.7   20 47 35   18 30  19 40   5 52  7 02   16 27   2 41   16 47   6 47    98  20 36.0 -20 16
Wed Aug 14/Thu Aug 15  8710.7   20 51 32   18 31  19 41   5 52  7 01   16 31   2 44   17 40   7 28   100  21 26.5 -17 48
Thu Aug 15/Fri Aug 16  8711.7   20 55 28   18 31  19 41   5 51  7 00   16 36   2 47   18 32  .....    99  22 15.0 -14 34
Fri Aug 16/Sat Aug 17  8712.7   20 59 25   18 32  19 41   5 50  7 00   16 40   2 51   19 24  .....    97  23 01.7 -10 45
Sat Aug 17/Sun Aug 18  8713.7   21 03 21   18 32  19 41   5 49  6 59   16 44   2 54   20 14  .....    93  23 47.0 - 6 31
Sun Aug 18/Mon Aug 19  8714.7   21 07 18   18 32  19 42   5 49  6 58   16 48   2 57   21 04  .....    88   0 31.4 - 2 02
Mon Aug 19/Tue Aug 20  8715.7   21 11 14   18 33  19 42   5 48  6 57   16 53   3 00   21 54  .....    81   1 15.8   2 32
Tue Aug 20/Wed Aug 21  8716.7   21 15 11   18 33  19 42   5 47  6 56   16 57   3 03   22 45  .....    73   2 00.8   7 04
Wed Aug 21/Thu Aug 22  8717.7   21 19 07   18 34  19 43   5 46  6 55   17 01   3 06   23 37  .....    64   2 47.2  11 22
Thu Aug 22/Fri Aug 23  8718.7   21 23 04   18 34  19 43   5 46  6 54   17 05   3 10    0 31  .....    54   3 35.9  15 16
Fri Aug 23/Sat Aug 24  8719.7   21 27 01   18 34  19 43   5 45  6 54   17 10   3 13    1 28  .....    44   4 27.4  18 34
Sat Aug 24/Sun Aug 25  8720.7   21 30 57   18 35  19 44   5 44  6 53   17 14   3 16    2 27  .....    33   5 22.1  21 02
Sun Aug 25/Mon Aug 26  8721.7   21 34 54   18 35  19 44   5 43  6 52   17 18   3 19    3 26  .....    24   6 20.0  22 23
Mon Aug 26/Tue Aug 27  8722.7   21 38 50   18 35  19 44   5 42  6 51   17 22   3 22    4 26  .....    15   7 20.4  22 26
Tue Aug 27/Wed Aug 28  8723.7   21 42 47   18 36  19 45   5 41  6 50   17 27   3 25    5 23  .....     8   8 21.9  21 03
Wed Aug 28/Thu Aug 29  8724.7   21 46 43   18 36  19 45   5 40  6 49   17 31   3 28    6 17  16 49     3   9 23.2  18 14
Thu Aug 29/Fri Aug 30  8725.7   21 50 40   18 37  19 45   5 39  6 48   17 35   3 31    7 06  17 57     0  10 23.1  14 11
Fri Aug 30/Sat Aug 31  8726.7   21 54 36   18 37  19 45   5 38  6 47   17 39   3 34   .....  19 05     1  11 21.0   9 13
Sat Aug 31/Sun Sep 01  8727.7   21 58 33   18 37  19 46   5 37  6 46   17 44   3 37   .....  20 11     5  12 17.1   3 43
