  Date (eve/morn)      JDmid    LMSTmidn   ---------- Sun: ---------   LST twilight:  ------------- Moon: --------------
  (2019 at start)    (-2450000)            set  twi.end twi.beg rise    eve    morn    rise   set  %illum   RA      Dec
Sun Sep 01/Mon Sep 02  8728.7   22 02 30   18 38  19 46   5 37  6 45   17 48   3 40   .....  21 16    11  13 11.7 - 1 55
Mon Sep 02/Tue Sep 03  8729.7   22 06 26   18 38  19 46   5 36  6 44   17 52   3 43   .....  22 19    19  14 05.5 - 7 20
Tue Sep 03/Wed Sep 04  8730.7   22 10 23   18 38  19 47   5 35  6 43   17 56   3 46   .....  23 21    29  14 59.0 -12 12
Wed Sep 04/Thu Sep 05  8731.7   22 14 19   18 39  19 47   5 34  6 42   18 01   3 49   .....   0 22    39  15 52.9 -16 17
Thu Sep 05/Fri Sep 06  8732.7   22 18 16   18 39  19 47   5 33  6 41   18 05   3 52   .....   1 21    50  16 47.1 -19 24
Fri Sep 06/Sat Sep 07  8733.7   22 22 12   18 39  19 48   5 32  6 40   18 09   3 55   .....   2 17    60  17 41.6 -21 26
Sat Sep 07/Sun Sep 08  8734.7   22 26 09   18 40  19 48   5 31  6 39   18 14   3 58   .....   3 11    70  18 36.0 -22 20
Sun Sep 08/Mon Sep 09  8735.7   22 30 05   18 40  19 48   5 30  6 38   18 18   4 01   .....   4 01    78  19 29.7 -22 06
Mon Sep 09/Tue Sep 10  8736.7   22 34 02   18 40  19 49   5 29  6 37   18 22   4 03   .....   4 46    86  20 22.0 -20 47
Tue Sep 10/Wed Sep 11  8737.7   22 37 59   18 41  19 49   5 28  6 36   18 26   4 06   .....   5 28    92  21 12.7 -18 32
Wed Sep 11/Thu Sep 12  8738.7   22 41 55   18 41  19 49   5 26  6 35   18 31   4 09   .....   6 06    96  22 01.4 -15 28
Thu Sep 12/Fri Sep 13  8739.7   22 45 52   18 41  19 50   5 25  6 34   18 35   4 12   17 19   6 41    99  22 48.5 -11 46
Fri Sep 13/Sat Sep 14  8740.7   22 49 48   18 42  19 50   5 24  6 33   18 39   4 15   18 10   7 15   100  23 34.2 - 7 35
Sat Sep 14/Sun Sep 15  8741.7   22 53 45   18 42  19 50   5 23  6 32   18 44   4 18   19 01  .....    99   0 19.0 - 3 06
Sun Sep 15/Mon Sep 16  8742.7   22 57 41   18 42  19 51   5 22  6 31   18 48   4 21   19 51  .....    96   1 03.5   1 32
Mon Sep 16/Tue Sep 17  8743.7   23 01 38   18 43  19 51   5 21  6 29   18 52   4 24   20 41  .....    92   1 48.5   6 09
Tue Sep 17/Wed Sep 18  8744.7   23 05 34   18 43  19 52   5 20  6 28   18 56   4 27   21 33  .....    85   2 34.6  10 34
Wed Sep 18/Thu Sep 19  8745.7   23 09 31   18 43  19 52   5 19  6 27   19 01   4 29   22 26  .....    78   3 22.5  14 37
Thu Sep 19/Fri Sep 20  8746.7   23 13 28   18 44  19 52   5 18  6 26   19 05   4 32   23 21  .....    69   4 12.8  18 05
Fri Sep 20/Sat Sep 21  8747.7   23 17 24   18 44  19 53   5 17  6 25   19 09   4 35    0 17  .....    59   5 05.9  20 46
Sat Sep 21/Sun Sep 22  8748.7   23 21 21   18 45  19 53   5 16  6 24   19 14   4 38    1 15  .....    49   6 01.7  22 27
Sun Sep 22/Mon Sep 23  8749.7   23 25 17   18 45  19 53   5 15  6 23   19 18   4 41    2 13  .....    38   7 00.0  22 55
Mon Sep 23/Tue Sep 24  8750.7   23 29 14   18 45  19 54   5 13  6 22   19 22   4 44    3 10  .....    28   7 59.6  22 02
Tue Sep 24/Wed Sep 25  8751.7   23 33 10   18 46  19 54   5 12  6 21   19 27   4 46    4 03  .....    18   8 59.6  19 45
Wed Sep 25/Thu Sep 26  8752.7   23 37 07   18 46  19 55   5 11  6 20   19 31   4 49    4 53  .....    10   9 58.9  16 12
Thu Sep 26/Fri Sep 27  8753.7   23 41 03   18 46  19 55   5 10  6 19   19 36   4 52    5 40  .....     4  10 56.8  11 35
Fri Sep 27/Sat Sep 28  8754.7   23 45 00   18 47  19 56   5 09  6 18   19 40   4 55    6 24  17 48     1  11 53.4   6 13
Sat Sep 28/Sun Sep 29  8755.7   23 48 57   18 47  19 56   5 08  6 17   19 44   4 58    7 07  18 54     0  12 48.8   0 31
Sun Sep 29/Mon Sep 30  8756.7   23 52 53   18 48  19 57   5 07  6 16   19 49   5 00   .....  19 59     3  13 43.6 - 5 10
Mon Sep 30/Tue Oct 01  8757.7   23 56 50   18 48  19 57   5 06  6 15   19 53   5 03   .....  21 03     8  14 38.3 -10 26
