  Date (eve/morn)      JDmid    LMSTmidn   ---------- Sun: ---------   LST twilight:  ------------- Moon: --------------
  (2016 at start)    (-2450000)            set  twi.end twi.beg rise    eve    morn    rise   set  %illum   RA      Dec
Thu Dec 01/Fri Dec 02  7724.6    3 03 58   20 26  21 45   5 17  6 36    0 49   8 22   .....  22 15     6  18 35.8 -18 21
Fri Dec 02/Sat Dec 03  7725.6    3 07 55   20 26  21 46   5 17  6 36    0 53   8 26   .....  23 02    11  19 26.9 -17 42
Sat Dec 03/Sun Dec 04  7726.6    3 11 51   20 27  21 47   5 17  6 37    0 58   8 30   .....  23 48    18  20 18.2 -16 11
Sun Dec 04/Mon Dec 05  7727.6    3 15 48   20 28  21 47   5 17  6 37    1 03   8 34   .....   0 32    27  21 09.5 -13 51
Mon Dec 05/Tue Dec 06  7728.6    3 19 44   20 28  21 48   5 17  6 37    1 08   8 38   .....   1 14    36  22 00.8 -10 45
Tue Dec 06/Wed Dec 07  7729.6    3 23 41   20 29  21 49   5 17  6 37    1 12   8 42   .....   1 55    47  22 52.3 - 7 00
Wed Dec 07/Thu Dec 08  7730.6    3 27 37   20 30  21 50   5 17  6 37    1 17   8 46   .....   2 36    58  23 44.4 - 2 46
Thu Dec 08/Fri Dec 09  7731.6    3 31 34   20 31  21 51   5 17  6 37    1 22   8 50   .....   3 18    69   0 37.7   1 47
Fri Dec 09/Sat Dec 10  7732.6    3 35 31   20 31  21 51   5 17  6 38    1 27   8 54   .....   4 02    79   1 32.9   6 25
Sat Dec 10/Sun Dec 11  7733.6    3 39 27   20 32  21 52   5 18  6 38    1 31   8 58   .....   4 49    88   2 30.5  10 49
Sun Dec 11/Mon Dec 12  7734.6    3 43 24   20 32  21 53   5 18  6 38    1 36   9 02   17 51   5 40    95   3 30.8  14 38
Mon Dec 12/Tue Dec 13  7735.6    3 47 20   20 33  21 54   5 18  6 38    1 41   9 06   18 57  .....    99   4 33.5  17 32
Tue Dec 13/Wed Dec 14  7736.6    3 51 17   20 34  21 54   5 18  6 39    1 45   9 10   20 03  .....   100   5 37.6  19 12
Wed Dec 14/Thu Dec 15  7737.6    3 55 13   20 34  21 55   5 19  6 39    1 50   9 15   21 06  .....    98   6 41.6  19 32
Thu Dec 15/Fri Dec 16  7738.6    3 59 10   20 35  21 56   5 19  6 40    1 54   9 19   22 04  .....    93   7 43.8  18 32
Fri Dec 16/Sat Dec 17  7739.6    4 03 06   20 36  21 56   5 19  6 40    1 59   9 23   22 57  .....    86   8 42.9  16 26
Sat Dec 17/Sun Dec 18  7740.6    4 07 03   20 36  21 57   5 20  6 40    2 04   9 28   23 45  .....    78   9 38.5  13 29
Sun Dec 18/Mon Dec 19  7741.6    4 11 00   20 37  21 57   5 20  6 41    2 08   9 32    0 28  .....    69  10 30.6   9 59
Mon Dec 19/Tue Dec 20  7742.6    4 14 56   20 37  21 58   5 21  6 41    2 13   9 36    1 07  .....    59  11 19.9   6 09
Tue Dec 20/Wed Dec 21  7743.6    4 18 53   20 38  21 58   5 21  6 42    2 17   9 41    1 44  .....    49  12 07.0   2 13
Wed Dec 21/Thu Dec 22  7744.6    4 22 49   20 38  21 59   5 22  6 42    2 21   9 45    2 20  .....    40  12 52.7 - 1 42
Thu Dec 22/Fri Dec 23  7745.6    4 26 46   20 39  21 59   5 22  6 43    2 26   9 50    2 55  .....    31  13 37.8 - 5 27
Fri Dec 23/Sat Dec 24  7746.6    4 30 42   20 39  22 00   5 23  6 43    2 30   9 54    3 31  .....    22  14 23.0 - 8 56
Sat Dec 24/Sun Dec 25  7747.6    4 34 39   20 40  22 00   5 23  6 44    2 35   9 59    4 09  .....    15  15 08.8 -12 02
Sun Dec 25/Mon Dec 26  7748.6    4 38 35   20 40  22 01   5 24  6 45    2 39  10 03    4 49  17 39     9  15 55.7 -14 38
Mon Dec 26/Tue Dec 27  7749.6    4 42 32   20 40  22 01   5 24  6 45    2 43  10 08    5 31  18 30     5  16 43.9 -16 37
Tue Dec 27/Wed Dec 28  7750.6    4 46 29   20 41  22 01   5 25  6 46    2 47  10 13    6 17  19 21     2  17 33.4 -17 54
Wed Dec 28/Thu Dec 29  7751.6    4 50 25   20 41  22 02   5 26  6 46    2 52  10 17   .....  20 11     0  18 23.9 -18 22
Thu Dec 29/Fri Dec 30  7752.6    4 54 22   20 41  22 02   5 27  6 47    2 56  10 22   .....  21 00     1  19 15.3 -17 58
Fri Dec 30/Sat Dec 31  7753.6    4 58 18   20 42  22 02   5 27  6 48    3 00  10 26   .....  21 47     3  20 06.9 -16 40
Sat Dec 31/Sun Jan 01  7754.6    5 02 15   20 42  22 02   5 28  6 48    3 04  10 31   .....  22 32     8  20 58.4 -14 32
