  Date (eve/morn)      JDmid    LMSTmidn   ---------- Sun: ---------   LST twilight:  ------------- Moon: --------------
  (2017 at start)    (-2450000)            set  twi.end twi.beg rise    eve    morn    rise   set  %illum   RA      Dec
Tue Aug 01/Wed Aug 02  7967.7   20 02 11   18 26  19 36   5 59  7 10   15 38   2 02   .....   3 11    73  16 25.2 -16 21
Wed Aug 02/Thu Aug 03  7968.7   20 06 08   18 26  19 37   5 59  7 09   15 42   2 06   .....   4 01    81  17 14.7 -18 08
Thu Aug 03/Fri Aug 04  7969.7   20 10 04   18 26  19 37   5 58  7 09   15 46   2 09   .....   4 51    88  18 05.3 -19 07
Fri Aug 04/Sat Aug 05  7970.7   20 14 01   18 27  19 37   5 58  7 08   15 51   2 13   .....   5 39    93  18 56.8 -19 13
Sat Aug 05/Sun Aug 06  7971.7   20 17 57   18 27  19 38   5 57  7 07   15 55   2 16   16 33   6 26    97  19 48.7 -18 25
Sun Aug 06/Mon Aug 07  7972.7   20 21 54   18 28  19 38   5 57  7 07   15 59   2 19   17 25   7 10   100  20 40.7 -16 42
Mon Aug 07/Tue Aug 08  7973.7   20 25 50   18 28  19 38   5 56  7 06   16 04   2 23   18 19  .....   100  21 32.4 -14 09
Tue Aug 08/Wed Aug 09  7974.7   20 29 47   18 29  19 39   5 55  7 05   16 08   2 26   19 14  .....    98  22 23.5 -10 51
Wed Aug 09/Thu Aug 10  7975.7   20 33 43   18 29  19 39   5 55  7 05   16 12   2 29   20 09  .....    94  23 14.3 - 6 59
Thu Aug 10/Fri Aug 11  7976.7   20 37 40   18 29  19 39   5 54  7 04   16 16   2 33   21 05  .....    87   0 04.8 - 2 43
Fri Aug 11/Sat Aug 12  7977.7   20 41 37   18 30  19 40   5 53  7 03   16 21   2 36   22 02  .....    79   0 55.7   1 45
Sat Aug 12/Sun Aug 13  7978.7   20 45 33   18 30  19 40   5 53  7 02   16 25   2 39   23 00  .....    70   1 47.4   6 11
Sun Aug 13/Mon Aug 14  7979.7   20 49 30   18 31  19 40   5 52  7 02   16 29   2 42   23 59  .....    59   2 40.6  10 21
Mon Aug 14/Tue Aug 15  7980.7   20 53 26   18 31  19 41   5 51  7 01   16 33   2 46    1 00  .....    48   3 35.6  14 01
Tue Aug 15/Wed Aug 16  7981.7   20 57 23   18 31  19 41   5 51  7 00   16 38   2 49    2 02  .....    37   4 32.9  16 54
Wed Aug 16/Thu Aug 17  7982.7   21 01 19   18 32  19 41   5 50  6 59   16 42   2 52    3 04  .....    26   5 32.1  18 48
Thu Aug 17/Fri Aug 18  7983.7   21 05 16   18 32  19 42   5 49  6 58   16 46   2 55    4 05  .....    16   6 32.5  19 32
Fri Aug 18/Sat Aug 19  7984.7   21 09 12   18 33  19 42   5 48  6 58   16 50   2 58    5 03  .....     9   7 33.1  19 00
Sat Aug 19/Sun Aug 20  7985.7   21 13 09   18 33  19 42   5 48  6 57   16 55   3 02    5 57  16 35     3   8 32.7  17 17
Sun Aug 20/Mon Aug 21  7986.7   21 17 05   18 33  19 43   5 47  6 56   16 59   3 05    6 47  17 37     0   9 30.4  14 32
Mon Aug 21/Tue Aug 22  7987.7   21 21 02   18 34  19 43   5 46  6 55   17 03   3 08    7 32  18 39     0  10 25.5  11 00
Tue Aug 22/Wed Aug 23  7988.7   21 24 59   18 34  19 43   5 45  6 54   17 07   3 11   .....  19 39     2  11 18.3   6 57
Wed Aug 23/Thu Aug 24  7989.7   21 28 55   18 35  19 43   5 44  6 53   17 12   3 14   .....  20 37     7  12 08.8   2 40
Thu Aug 24/Fri Aug 25  7990.7   21 32 52   18 35  19 44   5 43  6 52   17 16   3 17   .....  21 33    13  12 57.8 - 1 38
Fri Aug 25/Sat Aug 26  7991.7   21 36 48   18 35  19 44   5 43  6 51   17 20   3 20   .....  22 27    20  13 45.7 - 5 44
Sat Aug 26/Sun Aug 27  7992.7   21 40 45   18 36  19 44   5 42  6 50   17 24   3 23   .....  23 20    29  14 33.2 - 9 30
Sun Aug 27/Mon Aug 28  7993.7   21 44 41   18 36  19 45   5 41  6 49   17 29   3 26   .....   0 12    38  15 20.9 -12 48
Mon Aug 28/Tue Aug 29  7994.7   21 48 38   18 36  19 45   5 40  6 48   17 33   3 29   .....   1 03    48  16 09.0 -15 31
Tue Aug 29/Wed Aug 30  7995.7   21 52 34   18 37  19 45   5 39  6 47   17 37   3 32   .....   1 54    57  16 58.0 -17 33
Wed Aug 30/Thu Aug 31  7996.7   21 56 31   18 37  19 46   5 38  6 47   17 41   3 35   .....   2 44    66  17 47.9 -18 48
Thu Aug 31/Fri Sep 01  7997.7   22 00 28   18 37  19 46   5 37  6 46   17 46   3 38   .....   3 32    75  18 38.7 -19 13
