  Date (eve/morn)      JDmid    LMSTmidn   ---------- Sun: ---------   LST twilight:  ------------- Moon: --------------
  (2015 at start)    (-2450000)            set  twi.end twi.beg rise    eve    morn    rise   set  %illum   RA      Dec
Sun Feb 01/Mon Feb 02  7055.6    7 06 23   20 39  21 54   5 57  7 12    5 00  13 04   18 42   6 16    97   7 34.5  17 14
Mon Feb 02/Tue Feb 03  7056.6    7 10 19   20 38  21 53   5 58  7 13    5 03  13 09   19 26  .....    99   8 24.6  15 07
Tue Feb 03/Wed Feb 04  7057.6    7 14 16   20 38  21 53   5 59  7 13    5 06  13 14   20 06  .....   100   9 13.2  12 23
Wed Feb 04/Thu Feb 05  7058.6    7 18 12   20 37  21 52   6 00  7 14    5 10  13 19   20 44  .....    99  10 00.4   9 10
Thu Feb 05/Fri Feb 06  7059.6    7 22 09   20 37  21 51   6 00  7 15    5 13  13 24   21 21  .....    96  10 46.5   5 39
Fri Feb 06/Sat Feb 07  7060.6    7 26 05   20 36  21 50   6 01  7 15    5 16  13 28   21 56  .....    91  11 31.9   1 56
Sat Feb 07/Sun Feb 08  7061.6    7 30 02   20 36  21 49   6 02  7 16    5 19  13 33   22 31  .....    85  12 17.1 - 1 50
Sun Feb 08/Mon Feb 09  7062.6    7 33 58   20 35  21 49   6 03  7 17    5 22  13 38   23 06  .....    78  13 02.7 - 5 30
Mon Feb 09/Tue Feb 10  7063.6    7 37 55   20 34  21 48   6 04  7 17    5 25  13 43   23 43  .....    69  13 49.3 - 8 58
Tue Feb 10/Wed Feb 11  7064.6    7 41 52   20 34  21 47   6 05  7 18    5 29  13 48    0 23  .....    60  14 37.5 -12 04
Wed Feb 11/Thu Feb 12  7065.6    7 45 48   20 33  21 46   6 06  7 19    5 32  13 53    1 05  .....    50  15 27.8 -14 39
Thu Feb 12/Fri Feb 13  7066.6    7 49 45   20 32  21 45   6 07  7 19    5 35  13 57    1 52  .....    40  16 20.5 -16 34
Fri Feb 13/Sat Feb 14  7067.6    7 53 41   20 32  21 44   6 07  7 20    5 38  14 02    2 44  .....    30  17 15.6 -17 37
Sat Feb 14/Sun Feb 15  7068.6    7 57 38   20 31  21 44   6 08  7 21    5 41  14 07    3 40  .....    20  18 12.9 -17 41
Sun Feb 15/Mon Feb 16  7069.6    8 01 34   20 30  21 43   6 09  7 21    5 44  14 12    4 41  17 35    12  19 11.8 -16 37
Mon Feb 16/Tue Feb 17  7070.6    8 05 31   20 30  21 42   6 10  7 22    5 47  14 16    5 46  18 29     5  20 11.4 -14 26
Tue Feb 17/Wed Feb 18  7071.6    8 09 27   20 29  21 41   6 11  7 23    5 50  14 21    6 52  19 22     1  21 10.9 -11 14
Wed Feb 18/Thu Feb 19  7072.6    8 13 24   20 28  21 40   6 11  7 23    5 53  14 26   .....  20 11     0  22 09.7 - 7 13
Thu Feb 19/Fri Feb 20  7073.6    8 17 21   20 27  21 39   6 12  7 24    5 56  14 31   .....  20 59     2  23 07.5 - 2 41
Fri Feb 20/Sat Feb 21  7074.6    8 21 17   20 26  21 38   6 13  7 24    5 59  14 35   .....  21 46     7   0 04.4   2 01
Sat Feb 21/Sun Feb 22  7075.6    8 25 14   20 26  21 37   6 14  7 25    6 02  14 40   .....  22 31    14   1 00.7   6 33
Sun Feb 22/Mon Feb 23  7076.6    8 29 10   20 25  21 36   6 14  7 26    6 05  14 45   .....  23 17    23   1 56.4  10 37
Mon Feb 23/Tue Feb 24  7077.6    8 33 07   20 24  21 35   6 15  7 26    6 08  14 49   .....   0 04    33   2 51.8  14 01
Tue Feb 24/Wed Feb 25  7078.6    8 37 03   20 23  21 34   6 16  7 27    6 11  14 54   .....   0 52    43   3 47.0  16 34
Wed Feb 25/Thu Feb 26  7079.6    8 41 00   20 22  21 33   6 17  7 27    6 14  14 59   .....   1 41    54   4 41.7  18 12
Thu Feb 26/Fri Feb 27  7080.6    8 44 56   20 21  21 32   6 17  7 28    6 16  15 03   .....   2 31    64   5 35.8  18 52
Fri Feb 27/Sat Feb 28  7081.6    8 48 53   20 20  21 31   6 18  7 28    6 19  15 08   .....   3 22    73   6 28.8  18 37
Sat Feb 28/Sun Mar 01  7082.6    8 52 50   20 20  21 30   6 19  7 29    6 22  15 12   .....   4 13    81   7 20.5  17 30
