  Date (eve/morn)      JDmid    LMSTmidn   ---------- Sun: ---------   LST twilight:  ------------- Moon: --------------
  (2018 at start)    (-2450000)            set  twi.end twi.beg rise    eve    morn    rise   set  %illum   RA      Dec
Sun Jul 01/Mon Jul 02  8301.7   17 59 00   18 13  19 26   6 05  7 19   13 24   0 05   21 04  .....    86  21 47.6 -14 59
Mon Jul 02/Tue Jul 03  8302.7   18 02 57   18 13  19 26   6 05  7 19   13 28   0 09   21 55  .....    79  22 35.2 -11 41
Tue Jul 03/Wed Jul 04  8303.7   18 06 54   18 13  19 26   6 06  7 19   13 32   0 13   22 47  .....    70  23 22.0 - 7 52
Wed Jul 04/Thu Jul 05  8304.7   18 10 50   18 14  19 27   6 06  7 19   13 37   0 17   23 39  .....    61   0 08.6 - 3 40
Thu Jul 05/Fri Jul 06  8305.7   18 14 47   18 14  19 27   6 06  7 19   13 41   0 21    0 33  .....    51   0 55.6   0 46
Fri Jul 06/Sat Jul 07  8306.7   18 18 43   18 14  19 27   6 06  7 18   13 45   0 25    1 28  .....    41   1 43.9   5 16
Sat Jul 07/Sun Jul 08  8307.7   18 22 40   18 15  19 28   6 06  7 18   13 50   0 29    2 25  .....    30   2 34.3   9 40
Sun Jul 08/Mon Jul 09  8308.7   18 26 36   18 15  19 28   6 06  7 18   13 54   0 33    3 25  .....    21   3 27.6  13 42
Mon Jul 09/Tue Jul 10  8309.7   18 30 33   18 16  19 28   6 05  7 18   13 58   0 37    4 28  .....    12   4 24.3  17 07
Tue Jul 10/Wed Jul 11  8310.7   18 34 29   18 16  19 29   6 05  7 18   14 02   0 41    5 34  16 00     6   5 24.4  19 33
Wed Jul 11/Thu Jul 12  8311.7   18 38 26   18 16  19 29   6 05  7 18   14 07   0 45    6 38  16 58     1   6 27.1  20 45
Thu Jul 12/Fri Jul 13  8312.7   18 42 23   18 17  19 29   6 05  7 18   14 11   0 49    7 41  18 01     0   7 31.0  20 30
Fri Jul 13/Sat Jul 14  8313.7   18 46 19   18 17  19 30   6 05  7 18   14 15   0 52   .....  19 08     2   8 34.3  18 49
Sat Jul 14/Sun Jul 15  8314.7   18 50 16   18 18  19 30   6 05  7 17   14 20   0 56   .....  20 15     6   9 35.5  15 52
Sun Jul 15/Mon Jul 16  8315.7   18 54 12   18 18  19 30   6 05  7 17   14 24   1 00   .....  21 21    13  10 33.7  11 57
Mon Jul 16/Tue Jul 17  8316.7   18 58 09   18 18  19 31   6 05  7 17   14 28   1 04   .....  22 24    22  11 28.8   7 26
Tue Jul 17/Wed Jul 18  8317.7   19 02 05   18 19  19 31   6 04  7 17   14 32   1 08   .....  23 24    32  12 21.3   2 39
Wed Jul 18/Thu Jul 19  8318.7   19 06 02   18 19  19 31   6 04  7 16   14 37   1 11   .....   0 22    42  13 11.9 - 2 08
Thu Jul 19/Fri Jul 20  8319.7   19 09 58   18 20  19 32   6 04  7 16   14 41   1 15   .....   1 17    53  14 01.4 - 6 41
Fri Jul 20/Sat Jul 21  8320.7   19 13 55   18 20  19 32   6 04  7 16   14 45   1 19   .....   2 12    63  14 50.6 -10 49
Sat Jul 21/Sun Jul 22  8321.7   19 17 52   18 21  19 32   6 03  7 15   14 50   1 22   .....   3 06    72  15 40.0 -14 23
Sun Jul 22/Mon Jul 23  8322.7   19 21 48   18 21  19 33   6 03  7 15   14 54   1 26   .....   3 59    81  16 30.0 -17 15
Mon Jul 23/Tue Jul 24  8323.7   19 25 45   18 22  19 33   6 03  7 14   14 58   1 30   .....   4 51    88  17 20.7 -19 18
Tue Jul 24/Wed Jul 25  8324.7   19 29 41   18 22  19 34   6 03  7 14   15 03   1 33   .....   5 42    94  18 11.9 -20 27
Wed Jul 25/Thu Jul 26  8325.7   19 33 38   18 22  19 34   6 02  7 14   15 07   1 37   16 28   6 30    97  19 03.4 -20 39
Thu Jul 26/Fri Jul 27  8326.7   19 37 34   18 23  19 34   6 02  7 13   15 11   1 40   17 17   7 16   100  19 54.6 -19 54
Fri Jul 27/Sat Jul 28  8327.7   19 41 31   18 23  19 35   6 01  7 13   15 15   1 44   18 08  .....   100  20 45.0 -18 16
Sat Jul 28/Sun Jul 29  8328.7   19 45 27   18 24  19 35   6 01  7 12   15 20   1 48   19 00  .....    98  21 34.3 -15 48
Sun Jul 29/Mon Jul 30  8329.7   19 49 24   18 24  19 35   6 01  7 12   15 24   1 51   19 51  .....    95  22 22.5 -12 39
Mon Jul 30/Tue Jul 31  8330.7   19 53 21   18 25  19 36   6 00  7 11   15 28   1 55   20 43  .....    90  23 09.8 - 8 56
Tue Jul 31/Wed Aug 01  8331.7   19 57 17   18 25  19 36   6 00  7 11   15 33   1 58   21 35  .....    83  23 56.4 - 4 49
