  Date (eve/morn)      JDmid    LMSTmidn   ---------- Sun: ---------   LST twilight:  ------------- Moon: --------------
  (2022 at start)    (-2450000)            set  twi.end twi.beg rise    eve    morn    rise   set  %illum   RA      Dec
Thu Sep 01/Fri Sep 02  9824.7   22 03 34   18 38  19 46   5 36  6 45   17 49   3 41   .....  23 44    32  15 03.9 -17 27
Fri Sep 02/Sat Sep 03  9825.7   22 07 31   18 38  19 47   5 35  6 44   17 53   3 44   .....   0 48    43  15 59.0 -21 53
Sat Sep 03/Sun Sep 04  9826.7   22 11 27   18 38  19 47   5 34  6 43   17 58   3 47   .....   1 54    54  16 58.4 -25 09
Sun Sep 04/Mon Sep 05  9827.7   22 15 24   18 39  19 47   5 33  6 42   18 02   3 50   .....   2 59    65  18 01.6 -26 53
Mon Sep 05/Tue Sep 06  9828.7   22 19 20   18 39  19 47   5 32  6 41   18 06   3 53   .....   4 02    76  19 06.9 -26 48
Tue Sep 06/Wed Sep 07  9829.7   22 23 17   18 39  19 48   5 31  6 40   18 10   3 56   .....   4 58    85  20 12.0 -24 50
Wed Sep 07/Thu Sep 08  9830.7   22 27 14   18 40  19 48   5 30  6 39   18 15   3 58   .....   5 48    93  21 14.6 -21 08
Thu Sep 08/Fri Sep 09  9831.7   22 31 10   18 40  19 48   5 29  6 38   18 19   4 01   16 46   6 31    98  22 13.6 -16 04
Fri Sep 09/Sat Sep 10  9832.7   22 35 07   18 40  19 49   5 28  6 37   18 23   4 04   17 52   7 10   100  23 08.9 -10 06
Sat Sep 10/Sun Sep 11  9833.7   22 39 03   18 41  19 49   5 27  6 36   18 28   4 07   18 54  .....    99   0 01.2 - 3 41
Sun Sep 11/Mon Sep 12  9834.7   22 43 00   18 41  19 49   5 26  6 34   18 32   4 10   19 54  .....    96   0 51.3   2 46
Mon Sep 12/Tue Sep 13  9835.7   22 46 56   18 41  19 50   5 25  6 33   18 36   4 13   20 53  .....    90   1 40.5   8 55
Tue Sep 13/Wed Sep 14  9836.7   22 50 53   18 42  19 50   5 24  6 32   18 40   4 16   21 50  .....    83   2 29.5  14 28
Wed Sep 14/Thu Sep 15  9837.7   22 54 49   18 42  19 51   5 23  6 31   18 45   4 19   22 47  .....    75   3 19.2  19 14
Thu Sep 15/Fri Sep 16  9838.7   22 58 46   18 43  19 51   5 22  6 30   18 49   4 22   23 44  .....    66   4 10.0  23 02
Fri Sep 16/Sat Sep 17  9839.7   23 02 43   18 43  19 51   5 21  6 29   18 53   4 24    0 40  .....    56   5 02.0  25 43
Sat Sep 17/Sun Sep 18  9840.7   23 06 39   18 43  19 52   5 20  6 28   18 58   4 27    1 34  .....    47   5 54.8  27 13
Sun Sep 18/Mon Sep 19  9841.7   23 10 36   18 44  19 52   5 19  6 27   19 02   4 30    2 25  .....    38   6 47.8  27 27
Mon Sep 19/Tue Sep 20  9842.7   23 14 32   18 44  19 52   5 18  6 26   19 06   4 33    3 13  .....    29   7 40.3  26 28
Tue Sep 20/Wed Sep 21  9843.7   23 18 29   18 44  19 53   5 16  6 25   19 11   4 36    3 57  .....    21   8 31.5  24 19
Wed Sep 21/Thu Sep 22  9844.7   23 22 25   18 45  19 53   5 15  6 24   19 15   4 39    4 37  .....    14   9 21.1  21 06
Thu Sep 22/Fri Sep 23  9845.7   23 26 22   18 45  19 54   5 14  6 23   19 19   4 41    5 14  .....     8  10 09.0  16 59
Fri Sep 23/Sat Sep 24  9846.7   23 30 18   18 45  19 54   5 13  6 22   19 24   4 44    5 48  16 54     3  10 55.5  12 06
Sat Sep 24/Sun Sep 25  9847.7   23 34 15   18 46  19 54   5 12  6 21   19 28   4 47    6 20  17 49     1  11 41.2   6 40
Sun Sep 25/Mon Sep 26  9848.7   23 38 12   18 46  19 55   5 11  6 20   19 32   4 50    6 52  18 43     0  12 26.8   0 51
Mon Sep 26/Tue Sep 27  9849.7   23 42 08   18 46  19 55   5 10  6 19   19 37   4 53   .....  19 39     2  13 13.1 - 5 06
Tue Sep 27/Wed Sep 28  9850.7   23 46 05   18 47  19 56   5 09  6 18   19 41   4 56   .....  20 37     5  14 01.3 -10 56
Wed Sep 28/Thu Sep 29  9851.7   23 50 01   18 47  19 56   5 08  6 16   19 46   4 58   .....  21 38    11  14 52.2 -16 21
Thu Sep 29/Fri Sep 30  9852.7   23 53 58   18 48  19 57   5 06  6 15   19 50   5 01   .....  22 41    19  15 46.6 -21 01
Fri Sep 30/Sat Oct 01  9853.7   23 57 54   18 48  19 57   5 05  6 14   19 54   5 04   .....  23 47    29  16 44.8 -24 34
