  Date (eve/morn)      JDmid    LMSTmidn   ---------- Sun: ---------   LST twilight:  ------------- Moon: --------------
  (2021 at start)    (-2450000)            set  twi.end twi.beg rise    eve    morn    rise   set  %illum   RA      Dec
Fri Oct 01/Sat Oct 02  9489.7    0 02 48   18 48  19 58   5 04  6 13   20 00   5 08    3 51  .....    21   9 15.6  21 17
Sat Oct 02/Sun Oct 03  9490.7    0 06 45   18 49  19 58   5 03  6 12   20 04   5 10    4 32  .....    13  10 07.6  17 17
Sun Oct 03/Mon Oct 04  9491.7    0 10 41   18 49  19 59   5 02  6 11   20 09   5 13    5 11  .....     7  10 58.7  12 21
Mon Oct 04/Tue Oct 05  9492.7    0 14 38   18 50  19 59   5 01  6 10   20 13   5 16    5 48  17 13     2  11 49.2   6 41
Tue Oct 05/Wed Oct 06  9493.7    0 18 34   18 50  20 00   4 59  6 09   20 18   5 19    6 25  18 14     0  12 39.8   0 34
Wed Oct 06/Thu Oct 07  9494.7    0 22 31   18 51  20 00   4 58  6 08   20 22   5 22    7 03  19 16     1  13 31.4 - 5 41
Thu Oct 07/Fri Oct 08  9495.7    0 26 28   18 51  20 01   4 57  6 07   20 27   5 25   .....  20 20     4  14 24.9 -11 43
Fri Oct 08/Sat Oct 09  9496.7    0 30 24   18 51  20 01   4 56  6 06   20 31   5 27   .....  21 27    10  15 20.9 -17 07
Sat Oct 09/Sun Oct 10* 9497.7    0 34 21   18 52  20 02   5 55  7 05   20 36   5 30   .....  22 35    18  16 19.9 -21 28
Sun Oct 10/Mon Oct 11  9498.6   23 38 07   19 52  21 02   5 54  7 04   20 40   5 33   .....   0 43    27  17 18.6 -24 27
Mon Oct 11/Tue Oct 12  9499.6   23 42 04   19 53  21 03   5 53  7 03   20 45   5 36   .....   1 48    38  18 21.7 -25 51
Tue Oct 12/Wed Oct 13  9500.6   23 46 00   19 53  21 04   5 52  7 02   20 49   5 39   .....   2 47    49  19 24.5 -25 32
Wed Oct 13/Thu Oct 14  9501.6   23 49 57   19 54  21 04   5 51  7 01   20 54   5 42   .....   3 39    60  20 25.0 -23 37
Thu Oct 14/Fri Oct 15  9502.6   23 53 54   19 54  21 05   5 50  7 00   20 58   5 44   .....   4 25    71  21 22.2 -20 20
Fri Oct 15/Sat Oct 16  9503.6   23 57 50   19 55  21 05   5 49  6 59   21 03   5 47   .....   5 05    80  22 15.7 -16 01
Sat Oct 16/Sun Oct 17  9504.6    0 01 47   19 55  21 06   5 48  6 58   21 07   5 50   .....   5 41    88  23 06.0 -10 59
Sun Oct 17/Mon Oct 18  9505.6    0 05 43   19 56  21 07   5 46  6 58   21 12   5 53   17 16   6 14    94  23 53.6 - 5 31
Mon Oct 18/Tue Oct 19  9506.6    0 09 40   19 56  21 07   5 45  6 57   21 17   5 56   18 10   6 46    98   0 39.7   0 05
Tue Oct 19/Wed Oct 20  9507.6    0 13 36   19 57  21 08   5 44  6 56   21 21   5 59   19 02  .....   100   1 25.0   5 38
Wed Oct 20/Thu Oct 21  9508.6    0 17 33   19 57  21 09   5 43  6 55   21 26   6 02   19 55  .....   100   2 10.4  10 53
Thu Oct 21/Fri Oct 22  9509.6    0 21 29   19 58  21 09   5 42  6 54   21 30   6 05   20 47  .....    98   2 56.6  15 39
Fri Oct 22/Sat Oct 23  9510.6    0 25 26   19 58  21 10   5 41  6 53   21 35   6 08   21 40  .....    94   3 44.2  19 46
Sat Oct 23/Sun Oct 24  9511.6    0 29 23   19 59  21 11   5 40  6 52   21 40   6 11   22 34  .....    89   4 33.5  23 02
Sun Oct 24/Mon Oct 25  9512.6    0 33 19   19 59  21 12   5 39  6 52   21 44   6 14   23 28  .....    82   5 24.5  25 19
Mon Oct 25/Tue Oct 26  9513.6    0 37 16   20 00  21 12   5 38  6 51   21 49   6 17    0 21  .....    74   6 16.8  26 29
Tue Oct 26/Wed Oct 27  9514.6    0 41 12   20 01  21 13   5 38  6 50   21 54   6 20    1 12  .....    66   7 09.9  26 27
Wed Oct 27/Thu Oct 28  9515.6    0 45 09   20 01  21 14   5 37  6 49   21 59   6 23    2 00  .....    56   8 02.9  25 13
Thu Oct 28/Fri Oct 29  9516.6    0 49 05   20 02  21 15   5 36  6 49   22 03   6 26    2 44  .....    47   8 55.2  22 48
Fri Oct 29/Sat Oct 30  9517.6    0 53 02   20 02  21 15   5 35  6 48   22 08   6 29    3 26  .....    37   9 46.5  19 17
Sat Oct 30/Sun Oct 31  9518.6    0 56 58   20 03  21 16   5 34  6 47   22 13   6 32    4 04  .....    27  10 36.8  14 48
Sun Oct 31/Mon Nov 01  9519.6    1 00 55   20 04  21 17   5 33  6 46   22 18   6 35    4 41  .....    18  11 26.5   9 31
