  Date (eve/morn)      JDmid    LMSTmidn   ---------- Sun: ---------   LST twilight:  ------------- Moon: --------------
  (2021 at start)    (-2450000)            set  twi.end twi.beg rise    eve    morn    rise   set  %illum   RA      Dec
Mon Mar 01/Tue Mar 02  9275.6    8 58 56   20 18  21 28   6 20  7 30    6 27  15 20   22 02  .....    89  13 20.9 - 3 18
Tue Mar 02/Wed Mar 03  9276.6    9 02 52   20 17  21 27   6 20  7 30    6 30  15 24   22 42  .....    81  14 14.7 - 9 17
Wed Mar 03/Thu Mar 04  9277.6    9 06 49   20 16  21 26   6 21  7 31    6 32  15 29   23 23  .....    71  15 09.7 -14 40
Thu Mar 04/Fri Mar 05  9278.6    9 10 45   20 15  21 25   6 21  7 31    6 35  15 33    0 08  .....    60  16 06.5 -19 07
Fri Mar 05/Sat Mar 06  9279.6    9 14 42   20 14  21 24   6 22  7 32    6 38  15 38    0 57  .....    49  17 05.0 -22 20
Sat Mar 06/Sun Mar 07  9280.6    9 18 38   20 13  21 23   6 23  7 32    6 41  15 42    1 51  .....    38  18 04.6 -24 08
Sun Mar 07/Mon Mar 08  9281.6    9 22 35   20 12  21 22   6 23  7 33    6 44  15 47    2 49  .....    27  19 04.1 -24 27
Mon Mar 08/Tue Mar 09  9282.6    9 26 31   20 11  21 21   6 24  7 33    6 47  15 51    3 49  17 15    19  20 02.2 -23 18
Tue Mar 09/Wed Mar 10  9283.6    9 30 28   20 10  21 20   6 24  7 34    6 50  15 56    4 49  18 05    11  20 57.7 -20 52
Wed Mar 10/Thu Mar 11  9284.6    9 34 25   20 09  21 19   6 25  7 34    6 53  16 00    5 48  18 49     6  21 50.3 -17 24
Thu Mar 11/Fri Mar 12  9285.6    9 38 21   20 08  21 18   6 25  7 35    6 55  16 05    6 45  19 28     2  22 39.8 -13 08
Fri Mar 12/Sat Mar 13  9286.6    9 42 18   20 07  21 16   6 26  7 35    6 58  16 09   .....  20 04     0  23 26.8 - 8 21
Sat Mar 13/Sun Mar 14* 9287.6    9 46 14   20 06  21 15   5 27  6 36    7 01  16 14   .....  20 37     1   0 11.8 - 3 18
Sun Mar 14/Mon Mar 15  9288.7   10 50 21   19 05  20 14   5 27  6 36    7 04  16 18   .....  20 08     3   0 58.2   2 04
Mon Mar 15/Tue Mar 16  9289.7   10 54 17   19 04  20 13   5 28  6 36    7 07  16 23   .....  20 40     7   1 41.7   7 05
Tue Mar 16/Wed Mar 17  9290.7   10 58 14   19 03  20 12   5 28  6 37    7 10  16 27   .....  21 12    12   2 25.6  11 50
Wed Mar 17/Thu Mar 18  9291.7   11 02 10   19 02  20 11   5 29  6 37    7 13  16 32   .....  21 46    19   3 10.6  16 08
Thu Mar 18/Fri Mar 19  9292.7   11 06 07   19 01  20 10   5 29  6 38    7 15  16 36   .....  22 22    27   3 57.5  19 51
Fri Mar 19/Sat Mar 20  9293.7   11 10 03   19 00  20 09   5 30  6 38    7 18  16 40   .....  23 02    36   4 46.6  22 48
Sat Mar 20/Sun Mar 21  9294.7   11 14 00   18 59  20 08   5 30  6 39    7 21  16 45   .....  23 47    45   5 38.1  24 50
Sun Mar 21/Mon Mar 22  9295.7   11 17 56   18 58  20 07   5 30  6 39    7 24  16 49   .....   0 36    55   6 31.8  25 45
Mon Mar 22/Tue Mar 23  9296.7   11 21 53   18 57  20 06   5 31  6 39    7 27  16 54   .....   1 31    65   7 27.3  25 26
Tue Mar 23/Wed Mar 24  9297.7   11 25 50   18 56  20 05   5 31  6 40    7 30  16 58   .....   2 28    74   8 23.6  23 47
Wed Mar 24/Thu Mar 25  9298.7   11 29 46   18 55  20 04   5 32  6 40    7 33  17 03   .....   3 29    83   9 19.9  20 48
Thu Mar 25/Fri Mar 26  9299.7   11 33 43   18 54  20 03   5 32  6 41    7 36  17 07   16 54   4 31    90  10 15.6  16 35
Fri Mar 26/Sat Mar 27  9300.7   11 37 39   18 53  20 02   5 33  6 41    7 39  17 11   17 36   5 34    96  11 10.6  11 19
Sat Mar 27/Sun Mar 28  9301.7   11 41 36   18 52  20 01   5 33  6 42    7 41  17 16   18 16   6 38    99  12 05.0   5 17
Sun Mar 28/Mon Mar 29  9302.7   11 45 32   18 51  20 00   5 34  6 42    7 44  17 20   18 55  .....   100  12 59.6 - 1 09
Mon Mar 29/Tue Mar 30  9303.7   11 49 29   18 50  19 58   5 34  6 42    7 47  17 24   19 35  .....    97  13 54.9 - 7 32
Tue Mar 30/Wed Mar 31  9304.7   11 53 25   18 49  19 57   5 34  6 43    7 50  17 29   20 17  .....    91  14 51.8 -13 27
Wed Mar 31/Thu Apr 01  9305.7   11 57 22   18 48  19 56   5 35  6 43    7 53  17 33   21 02  .....    84  15 50.7 -18 28
