  Date (eve/morn)      JDmid    LMSTmidn   ---------- Sun: ---------   LST twilight:  ------------- Moon: --------------
  (2015 at start)    (-2450000)            set  twi.end twi.beg rise    eve    morn    rise   set  %illum   RA      Dec
Sat Aug 01/Sun Aug 02  7236.7   20 00 09   18 25  19 36   5 59  7 10   15 36   2 01   19 45  .....    96  22 19.5 - 7 40
Sun Aug 02/Mon Aug 03  7237.7   20 04 06   18 26  19 37   5 59  7 10   15 40   2 04   20 49  .....    89  23 17.1 - 3 10
Mon Aug 03/Tue Aug 04  7238.7   20 08 02   18 26  19 37   5 58  7 09   15 44   2 07   21 52  .....    81   0 13.6   1 29
Tue Aug 04/Wed Aug 05  7239.7   20 11 59   18 27  19 37   5 58  7 08   15 48   2 11   22 55  .....    70   1 09.2   5 58
Wed Aug 05/Thu Aug 06  7240.7   20 15 55   18 27  19 38   5 57  7 08   15 53   2 14   23 56  .....    59   2 04.5  10 01
Thu Aug 06/Fri Aug 07  7241.7   20 19 52   18 28  19 38   5 57  7 07   15 57   2 18    0 56  .....    48   2 59.6  13 26
Fri Aug 07/Sat Aug 08  7242.7   20 23 48   18 28  19 38   5 56  7 06   16 01   2 21    1 55  .....    37   3 54.7  16 01
Sat Aug 08/Sun Aug 09  7243.7   20 27 45   18 28  19 39   5 56  7 06   16 06   2 24    2 51  .....    27   4 49.5  17 42
Sun Aug 09/Mon Aug 10  7244.7   20 31 41   18 29  19 39   5 55  7 05   16 10   2 28    3 45  .....    19   5 43.9  18 25
Mon Aug 10/Tue Aug 11  7245.7   20 35 38   18 29  19 39   5 54  7 04   16 14   2 31    4 36  .....    11   6 37.4  18 12
Tue Aug 11/Wed Aug 12  7246.7   20 39 35   18 30  19 40   5 54  7 04   16 18   2 34    5 24  .....     6   7 29.6  17 06
Wed Aug 12/Thu Aug 13  7247.7   20 43 31   18 30  19 40   5 53  7 03   16 23   2 38    6 08  17 00     2   8 20.1  15 13
Thu Aug 13/Fri Aug 14  7248.7   20 47 28   18 30  19 40   5 52  7 02   16 27   2 41    6 49  17 53     0   9 09.0  12 42
Fri Aug 14/Sat Aug 15  7249.7   20 51 24   18 31  19 40   5 52  7 01   16 31   2 44    7 28  18 44     0   9 56.2   9 41
Sat Aug 15/Sun Aug 16  7250.7   20 55 21   18 31  19 41   5 51  7 00   16 35   2 47   .....  19 35     2  10 42.1   6 20
Sun Aug 16/Mon Aug 17  7251.7   20 59 17   18 32  19 41   5 50  7 00   16 40   2 50   .....  20 25     6  11 27.1   2 45
Mon Aug 17/Tue Aug 18  7252.7   21 03 14   18 32  19 41   5 49  6 59   16 44   2 54   .....  21 15    11  12 11.7 - 0 54
Tue Aug 18/Wed Aug 19  7253.7   21 07 10   18 32  19 42   5 49  6 58   16 48   2 57   .....  22 04    17  12 56.4 - 4 31
Wed Aug 19/Thu Aug 20  7254.7   21 11 07   18 33  19 42   5 48  6 57   16 52   3 00   .....  22 54    25  13 41.7 - 7 58
Thu Aug 20/Fri Aug 21  7255.7   21 15 04   18 33  19 42   5 47  6 56   16 57   3 03   .....  23 45    33  14 28.3 -11 08
Fri Aug 21/Sat Aug 22  7256.7   21 19 00   18 34  19 43   5 46  6 55   17 01   3 06   .....   0 36    43  15 16.8 -13 52
Sat Aug 22/Sun Aug 23  7257.7   21 22 57   18 34  19 43   5 46  6 55   17 05   3 09   .....   1 29    53  16 07.4 -16 02
Sun Aug 23/Mon Aug 24  7258.7   21 26 53   18 34  19 43   5 45  6 54   17 09   3 13   .....   2 23    63  17 00.6 -17 28
Mon Aug 24/Tue Aug 25  7259.7   21 30 50   18 35  19 44   5 44  6 53   17 14   3 16   .....   3 17    73  17 56.2 -17 59
Tue Aug 25/Wed Aug 26  7260.7   21 34 46   18 35  19 44   5 43  6 52   17 18   3 19   .....   4 11    82  18 53.9 -17 29
Wed Aug 26/Thu Aug 27  7261.7   21 38 43   18 35  19 44   5 42  6 51   17 22   3 22   .....   5 04    90  19 53.1 -15 52
Thu Aug 27/Fri Aug 28  7262.7   21 42 39   18 36  19 45   5 41  6 50   17 27   3 25   .....   5 55    96  20 52.9 -13 09
Fri Aug 28/Sat Aug 29  7263.7   21 46 36   18 36  19 45   5 40  6 49   17 31   3 28   17 24   6 44    99  21 52.7 - 9 29
Sat Aug 29/Sun Aug 30  7264.7   21 50 33   18 36  19 45   5 39  6 48   17 35   3 31   18 30   7 31   100  22 52.1 - 5 07
Sun Aug 30/Mon Aug 31  7265.7   21 54 29   18 37  19 45   5 38  6 47   17 39   3 34   19 35  .....    97  23 50.7 - 0 23
Mon Aug 31/Tue Sep 01  7266.7   21 58 26   18 37  19 46   5 38  6 46   17 44   3 37   20 40  .....    91   0 48.8   4 21
