  Date (eve/morn)      JDmid    LMSTmidn   ---------- Sun: ---------   LST twilight:  ------------- Moon: --------------
  (2019 at start)    (-2450000)            set  twi.end twi.beg rise    eve    morn    rise   set  %illum   RA      Dec
Fri Nov 01/Sat Nov 02  8789.6    1 02 50   20 04  21 17   5 33  6 46   22 20   6 36   .....   0 49    27  18 53.6 -22 40
Sat Nov 02/Sun Nov 03  8790.6    1 06 46   20 05  21 18   5 32  6 45   22 25   6 39   .....   1 39    37  19 48.3 -22 02
Sun Nov 03/Mon Nov 04  8791.6    1 10 43   20 05  21 19   5 31  6 45   22 29   6 43   .....   2 25    46  20 40.9 -20 19
Mon Nov 04/Tue Nov 05  8792.6    1 14 39   20 06  21 20   5 30  6 44   22 34   6 46   .....   3 06    56  21 31.2 -17 41
Tue Nov 05/Wed Nov 06  8793.6    1 18 36   20 06  21 21   5 29  6 44   22 39   6 49   .....   3 43    65  22 19.2 -14 18
Wed Nov 06/Thu Nov 07  8794.6    1 22 32   20 07  21 22   5 29  6 43   22 44   6 52   .....   4 17    74  23 05.4 -10 21
Thu Nov 07/Fri Nov 08  8795.6    1 26 29   20 08  21 23   5 28  6 43   22 49   6 55   .....   4 50    82  23 50.5 - 5 58
Fri Nov 08/Sat Nov 09  8796.6    1 30 25   20 08  21 23   5 27  6 42   22 53   6 58   .....   5 22    89   0 35.1 - 1 18
Sat Nov 09/Sun Nov 10  8797.6    1 34 22   20 09  21 24   5 26  6 41   22 58   7 02   17 31   5 55    94   1 20.0   3 28
Sun Nov 10/Mon Nov 11  8798.6    1 38 19   20 10  21 25   5 26  6 41   23 03   7 05   18 23   6 29    98   2 05.9   8 12
Mon Nov 11/Tue Nov 12  8799.6    1 42 15   20 11  21 26   5 25  6 41   23 08   7 08   19 16  .....   100   2 53.6  12 41
Tue Nov 12/Wed Nov 13  8800.6    1 46 12   20 11  21 27   5 24  6 40   23 13   7 11   20 10  .....   100   3 43.7  16 42
Wed Nov 13/Thu Nov 14  8801.6    1 50 08   20 12  21 28   5 24  6 40   23 18   7 15   21 07  .....    97   4 36.4  20 00
Thu Nov 14/Fri Nov 15  8802.6    1 54 05   20 13  21 29   5 23  6 39   23 22   7 18   22 05  .....    93   5 31.8  22 20
Fri Nov 15/Sat Nov 16  8803.6    1 58 01   20 13  21 30   5 23  6 39   23 27   7 21   23 03  .....    86   6 29.3  23 31
Sat Nov 16/Sun Nov 17  8804.6    2 01 58   20 14  21 31   5 22  6 39   23 32   7 25   24 00  .....    78   7 27.9  23 22
Sun Nov 17/Mon Nov 18  8805.6    2 05 54   20 15  21 32   5 22  6 38   23 37   7 28    0 53  .....    69   8 26.5  21 53
Mon Nov 18/Tue Nov 19  8806.6    2 09 51   20 16  21 32   5 21  6 38   23 42   7 32    1 43  .....    58   9 24.0  19 08
Tue Nov 19/Wed Nov 20  8807.6    2 13 48   20 16  21 33   5 21  6 38   23 47   7 35    2 29  .....    47  10 19.9  15 18
Wed Nov 20/Thu Nov 21  8808.6    2 17 44   20 17  21 34   5 20  6 37   23 52   7 39    3 12  .....    36  11 14.2  10 36
Thu Nov 21/Fri Nov 22  8809.6    2 21 41   20 18  21 35   5 20  6 37   23 56   7 42    3 52  .....    25  12 07.2   5 19
Fri Nov 22/Sat Nov 23  8810.6    2 25 37   20 18  21 36   5 19  6 37    0 01   7 46    4 32  .....    16  12 59.7 - 0 14
Sat Nov 23/Sun Nov 24  8811.6    2 29 34   20 19  21 37   5 19  6 37    0 06   7 49    5 13  17 24     8  13 52.4 - 5 46
Sun Nov 24/Mon Nov 25  8812.6    2 33 30   20 20  21 38   5 19  6 37    0 11   7 53    5 55  18 27     3  14 46.0 -10 58
Mon Nov 25/Tue Nov 26  8813.6    2 37 27   20 21  21 39   5 18  6 37    0 16   7 57   .....  19 30     0  15 40.9 -15 29
Tue Nov 26/Wed Nov 27  8814.6    2 41 23   20 21  21 40   5 18  6 36    0 21   8 00   .....  20 34     0  16 37.2 -19 03
Wed Nov 27/Thu Nov 28  8815.6    2 45 20   20 22  21 41   5 18  6 36    0 26   8 04   .....  21 36     3  17 34.4 -21 28
Thu Nov 28/Fri Nov 29  8816.6    2 49 17   20 23  21 42   5 18  6 36    0 31   8 08   .....  22 35     7  18 31.6 -22 35
Fri Nov 29/Sat Nov 30  8817.6    2 53 13   20 24  21 43   5 17  6 36    0 35   8 11   .....  23 29    13  19 27.8 -22 26
Sat Nov 30/Sun Dec 01  8818.6    2 57 10   20 24  21 43   5 17  6 36    0 40   8 15   .....   0 18    21  20 22.0 -21 06
