  Date (eve/morn)      JDmid    LMSTmidn   ---------- Sun: ---------   LST twilight:  ------------- Moon: --------------
  (2018 at start)    (-2450000)            set  twi.end twi.beg rise    eve    morn    rise   set  %illum   RA      Dec
Thu Nov 01/Fri Nov 02  8424.6    1 03 47   20 04  21 18   5 32  6 46   22 21   6 37    3 28  .....    34  10 08.0  14 29
Fri Nov 02/Sat Nov 03  8425.6    1 07 43   20 05  21 18   5 32  6 45   22 26   6 40    4 12  .....    23  11 02.4  10 16
Sat Nov 03/Sun Nov 04  8426.6    1 11 40   20 05  21 19   5 31  6 45   22 31   6 43    4 53  .....    15  11 55.0   5 33
Sun Nov 04/Mon Nov 05  8427.6    1 15 37   20 06  21 20   5 30  6 44   22 35   6 46    5 33  17 21     8  12 46.3   0 36
Mon Nov 05/Tue Nov 06  8428.6    1 19 33   20 07  21 21   5 29  6 43   22 40   6 50    6 12  18 20     3  13 37.0 - 4 18
Tue Nov 06/Wed Nov 07  8429.6    1 23 30   20 07  21 22   5 28  6 43   22 45   6 53   .....  19 18     1  14 27.7 - 8 55
Wed Nov 07/Thu Nov 08  8430.6    1 27 26   20 08  21 23   5 28  6 42   22 50   6 56   .....  20 17     0  15 18.7 -13 00
Thu Nov 08/Fri Nov 09  8431.6    1 31 23   20 09  21 24   5 27  6 42   22 55   6 59   .....  21 14     2  16 10.3 -16 23
Fri Nov 09/Sat Nov 10  8432.6    1 35 19   20 09  21 24   5 26  6 41   22 59   7 02   .....  22 10     6  17 02.5 -18 54
Sat Nov 10/Sun Nov 11  8433.6    1 39 16   20 10  21 25   5 26  6 41   23 04   7 06   .....  23 05    12  17 54.8 -20 26
Sun Nov 11/Mon Nov 12  8434.6    1 43 12   20 11  21 26   5 25  6 40   23 09   7 09   .....  23 56    19  18 46.9 -20 59
Mon Nov 12/Tue Nov 13  8435.6    1 47 09   20 11  21 27   5 24  6 40   23 14   7 12   .....   0 44    27  19 38.4 -20 31
Tue Nov 13/Wed Nov 14  8436.6    1 51 06   20 12  21 28   5 24  6 40   23 19   7 16   .....   1 28    36  20 28.8 -19 07
Wed Nov 14/Thu Nov 15  8437.6    1 55 02   20 13  21 29   5 23  6 39   23 24   7 19   .....   2 09    45  21 17.9 -16 53
Thu Nov 15/Fri Nov 16  8438.6    1 58 59   20 14  21 30   5 22  6 39   23 28   7 22   .....   2 48    54  22 06.0 -13 53
Fri Nov 16/Sat Nov 17  8439.6    2 02 55   20 14  21 31   5 22  6 38   23 33   7 26   .....   3 24    64  22 53.2 -10 16
Sat Nov 17/Sun Nov 18  8440.6    2 06 52   20 15  21 32   5 21  6 38   23 38   7 29   .....   4 00    73  23 40.0 - 6 08
Sun Nov 18/Mon Nov 19  8441.6    2 10 48   20 16  21 33   5 21  6 38   23 43   7 33   .....   4 35    81   0 27.2 - 1 37
Mon Nov 19/Tue Nov 20  8442.6    2 14 45   20 16  21 34   5 20  6 38   23 48   7 36   .....   5 11    89   1 15.5   3 07
Tue Nov 20/Wed Nov 21  8443.6    2 18 41   20 17  21 35   5 20  6 37   23 53   7 40   17 39   5 50    94   2 05.5   7 52
Wed Nov 21/Thu Nov 22  8444.6    2 22 38   20 18  21 35   5 20  6 37   23 58   7 43   18 37   6 31    98   2 58.1  12 23
Thu Nov 22/Fri Nov 23  8445.6    2 26 35   20 19  21 36   5 19  6 37    0 03   7 47   19 38  .....   100   3 53.7  16 22
Fri Nov 23/Sat Nov 24  8446.6    2 30 31   20 19  21 37   5 19  6 37    0 07   7 50   20 40  .....    99   4 52.4  19 29
Sat Nov 24/Sun Nov 25  8447.6    2 34 28   20 20  21 38   5 19  6 37    0 12   7 54   21 44  .....    95   5 53.7  21 26
Sun Nov 25/Mon Nov 26  8448.6    2 38 24   20 21  21 39   5 18  6 36    0 17   7 58   22 46  .....    89   6 56.2  22 01
Mon Nov 26/Tue Nov 27  8449.6    2 42 21   20 22  21 40   5 18  6 36    0 22   8 01   23 45  .....    80   7 58.5  21 09
Tue Nov 27/Wed Nov 28  8450.6    2 46 17   20 22  21 41   5 18  6 36    0 27   8 05    0 39  .....    70   8 59.0  18 57
Wed Nov 28/Thu Nov 29  8451.6    2 50 14   20 23  21 42   5 18  6 36    0 32   8 09    1 28  .....    59   9 56.8  15 39
Thu Nov 29/Fri Nov 30  8452.6    2 54 10   20 24  21 43   5 17  6 36    0 37   8 12    2 13  .....    48  10 51.9  11 32
Fri Nov 30/Sat Dec 01  8453.6    2 58 07   20 25  21 44   5 17  6 36    0 41   8 16    2 54  .....    37  11 44.5   6 54
