  Date (eve/morn)      JDmid    LMSTmidn   ---------- Sun: ---------   LST twilight:  ------------- Moon: --------------
  (2015 at start)    (-2450000)            set  twi.end twi.beg rise    eve    morn    rise   set  %illum   RA      Dec
Wed Jul 01/Thu Jul 02  7205.7   17 57 56   18 12  19 26   6 05  7 19   13 23   0 04   17 52   7 46   100  18 46.5 -17 54
Thu Jul 02/Fri Jul 03  7206.7   18 01 52   18 13  19 26   6 05  7 19   13 27   0 08   18 52  .....    98  19 46.0 -16 19
Fri Jul 03/Sat Jul 04  7207.7   18 05 49   18 13  19 26   6 06  7 19   13 31   0 12   19 54  .....    94  20 45.0 -13 41
Sat Jul 04/Sun Jul 05  7208.7   18 09 45   18 14  19 27   6 06  7 19   13 36   0 16   20 56  .....    87  21 42.9 -10 11
Sun Jul 05/Mon Jul 06  7209.7   18 13 42   18 14  19 27   6 06  7 19   13 40   0 20   21 59  .....    78  22 39.3 - 6 03
Mon Jul 06/Tue Jul 07  7210.7   18 17 39   18 14  19 27   6 06  7 18   13 44   0 24   23 01  .....    68  23 34.4 - 1 36
Tue Jul 07/Wed Jul 08  7211.7   18 21 35   18 15  19 28   6 06  7 18   13 48   0 28    0 01  .....    57   0 28.6   2 53
Wed Jul 08/Thu Jul 09  7212.7   18 25 32   18 15  19 28   6 06  7 18   13 53   0 32    1 02  .....    46   1 22.5   7 10
Thu Jul 09/Fri Jul 10  7213.7   18 29 28   18 15  19 28   6 05  7 18   13 57   0 36    2 02  .....    35   2 16.5  11 01
Fri Jul 10/Sat Jul 11  7214.7   18 33 25   18 16  19 29   6 05  7 18   14 01   0 40    3 01  .....    25   3 11.0  14 12
Sat Jul 11/Sun Jul 12  7215.7   18 37 21   18 16  19 29   6 05  7 18   14 06   0 44    3 59  .....    16   4 05.8  16 35
Sun Jul 12/Mon Jul 13  7216.7   18 41 18   18 17  19 29   6 05  7 18   14 10   0 48    4 56  .....     9   5 00.9  18 02
Mon Jul 13/Tue Jul 14  7217.7   18 45 14   18 17  19 30   6 05  7 18   14 14   0 51    5 50  16 26     4   5 55.7  18 31
Tue Jul 14/Wed Jul 15  7218.7   18 49 11   18 18  19 30   6 05  7 17   14 18   0 55    6 41  17 19     1   6 49.5  18 03
Wed Jul 15/Thu Jul 16  7219.7   18 53 08   18 18  19 30   6 05  7 17   14 23   0 59    7 27  18 13     0   7 41.9  16 42
Thu Jul 16/Fri Jul 17  7220.7   18 57 04   18 18  19 31   6 05  7 17   14 27   1 03   .....  19 06     1   8 32.5  14 36
Fri Jul 17/Sat Jul 18  7221.7   19 01 01   18 19  19 31   6 04  7 17   14 31   1 07   .....  19 59     4   9 21.2  11 53
Sat Jul 18/Sun Jul 19  7222.7   19 04 57   18 19  19 31   6 04  7 16   14 36   1 10   .....  20 51     9  10 08.3   8 42
Sun Jul 19/Mon Jul 20  7223.7   19 08 54   18 20  19 32   6 04  7 16   14 40   1 14   .....  21 41    15  10 54.0   5 14
Mon Jul 20/Tue Jul 21  7224.7   19 12 50   18 20  19 32   6 04  7 16   14 44   1 18   .....  22 31    22  11 39.0   1 34
Tue Jul 21/Wed Jul 22  7225.7   19 16 47   18 21  19 32   6 04  7 15   14 48   1 21   .....  23 20    31  12 23.8 - 2 08
Wed Jul 22/Thu Jul 23  7226.7   19 20 43   18 21  19 33   6 03  7 15   14 53   1 25   .....   0 10    40  13 09.0 - 5 45
Thu Jul 23/Fri Jul 24  7227.7   19 24 40   18 21  19 33   6 03  7 15   14 57   1 29   .....   1 01    49  13 55.3 - 9 12
Fri Jul 24/Sat Jul 25  7228.7   19 28 37   18 22  19 33   6 03  7 14   15 01   1 32   .....   1 53    59  14 43.4 -12 19
Sat Jul 25/Sun Jul 26  7229.7   19 32 33   18 22  19 34   6 02  7 14   15 06   1 36   .....   2 46    69  15 33.8 -14 56
Sun Jul 26/Mon Jul 27  7230.7   19 36 30   18 23  19 34   6 02  7 13   15 10   1 39   .....   3 41    78  16 26.9 -16 55
Mon Jul 27/Tue Jul 28  7231.7   19 40 26   18 23  19 35   6 02  7 13   15 14   1 43   .....   4 36    86  17 22.8 -18 02
Tue Jul 28/Wed Jul 29  7232.7   19 44 23   18 24  19 35   6 01  7 12   15 19   1 47   .....   5 32    93  18 20.9 -18 07
Wed Jul 29/Thu Jul 30  7233.7   19 48 19   18 24  19 35   6 01  7 12   15 23   1 50   16 35   6 26    98  19 20.6 -17 04
Thu Jul 30/Fri Jul 31  7234.7   19 52 16   18 25  19 36   6 00  7 11   15 27   1 54   17 37   7 18   100  20 20.9 -14 53
Fri Jul 31/Sat Aug 01  7235.7   19 56 12   18 25  19 36   6 00  7 11   15 31   1 57   18 41  .....    99  21 20.7 -11 40
