  Date (eve/morn)      JDmid    LMSTmidn   ---------- Sun: ---------   LST twilight:  ------------- Moon: --------------
  (2014 at start)    (-2450000)            set  twi.end twi.beg rise    eve    morn    rise   set  %illum   RA      Dec
Tue Apr 01/Wed Apr 02  6749.7   12 00 07   18 47  19 56   5 35  6 43    7 55  17 36   .....  20 16     7   2 40.4  14 37
Wed Apr 02/Thu Apr 03  6750.7   12 04 03   18 46  19 55   5 35  6 44    7 58  17 40   .....  21 02    13   3 33.5  17 04
Thu Apr 03/Fri Apr 04  6751.7   12 08 00   18 45  19 54   5 36  6 44    8 01  17 45   .....  21 50    20   4 26.4  18 37
Fri Apr 04/Sat Apr 05  6752.7   12 11 56   18 45  19 53   5 36  6 45    8 04  17 49   .....  22 39    29   5 18.6  19 15
Sat Apr 05/Sun Apr 06  6753.7   12 15 53   18 44  19 52   5 37  6 45    8 07  17 53   .....  23 28    38   6 10.0  18 59
Sun Apr 06/Mon Apr 07  6754.7   12 19 49   18 43  19 51   5 37  6 45    8 10  17 58   .....   0 19    47   7 00.2  17 52
Mon Apr 07/Tue Apr 08  6755.7   12 23 46   18 42  19 50   5 37  6 46    8 13  18 02   .....   1 09    57   7 49.2  16 00
Tue Apr 08/Wed Apr 09  6756.7   12 27 42   18 41  19 49   5 38  6 46    8 16  18 06   .....   1 59    66   8 37.2  13 28
Wed Apr 09/Thu Apr 10  6757.7   12 31 39   18 40  19 48   5 38  6 47    8 19  18 11   .....   2 50    75   9 24.5  10 22
Thu Apr 10/Fri Apr 11  6758.7   12 35 36   18 39  19 47   5 39  6 47    8 22  18 15   .....   3 41    83  10 11.4   6 49
Fri Apr 11/Sat Apr 12  6759.7   12 39 32   18 38  19 46   5 39  6 48    8 25  18 19   .....   4 32    90  10 58.4   2 55
Sat Apr 12/Sun Apr 13  6760.7   12 43 29   18 37  19 45   5 39  6 48    8 28  18 24   16 43   5 25    95  11 46.1 - 1 10
Sun Apr 13/Mon Apr 14  6761.7   12 47 25   18 36  19 45   5 40  6 48    8 31  18 28   17 20   6 19    98  12 35.1 - 5 17
Mon Apr 14/Tue Apr 15  6762.7   12 51 22   18 35  19 44   5 40  6 49    8 34  18 32   18 00   7 15   100  13 25.8 - 9 13
Tue Apr 15/Wed Apr 16  6763.7   12 55 18   18 34  19 43   5 40  6 49    8 37  18 37   18 42  .....    99  14 18.8 -12 46
Wed Apr 16/Thu Apr 17  6764.7   12 59 15   18 33  19 42   5 41  6 50    8 41  18 41   19 27  .....    96  15 14.1 -15 39
Thu Apr 17/Fri Apr 18  6765.7   13 03 11   18 32  19 41   5 41  6 50    8 44  18 45   20 17  .....    90  16 11.5 -17 40
Fri Apr 18/Sat Apr 19  6766.7   13 07 08   18 31  19 40   5 42  6 50    8 47  18 50   21 11  .....    83  17 10.4 -18 37
Sat Apr 19/Sun Apr 20  6767.7   13 11 05   18 31  19 40   5 42  6 51    8 50  18 54   22 08  .....    73  18 09.9 -18 24
Sun Apr 20/Mon Apr 21  6768.7   13 15 01   18 30  19 39   5 42  6 51    8 53  18 58   23 08  .....    62  19 09.0 -17 01
Mon Apr 21/Tue Apr 22  6769.7   13 18 58   18 29  19 38   5 43  6 52    8 56  19 02    0 10  .....    51  20 07.0 -14 35
Tue Apr 22/Wed Apr 23  6770.7   13 22 54   18 28  19 37   5 43  6 52    8 59  19 07    1 12  .....    40  21 03.4 -11 15
Wed Apr 23/Thu Apr 24  6771.7   13 26 51   18 27  19 37   5 43  6 53    9 03  19 11    2 13  .....    29  21 58.2 - 7 18
Thu Apr 24/Fri Apr 25  6772.7   13 30 47   18 26  19 36   5 44  6 53    9 06  19 15    3 14  .....    19  22 51.7 - 2 56
Fri Apr 25/Sat Apr 26  6773.7   13 34 44   18 26  19 35   5 44  6 54    9 09  19 20    4 14  .....    11  23 44.4   1 34
Sat Apr 26/Sun Apr 27  6774.7   13 38 40   18 25  19 34   5 44  6 54    9 12  19 24    5 13  16 41     5   0 36.6   5 56
Sun Apr 27/Mon Apr 28  6775.7   13 42 37   18 24  19 34   5 45  6 54    9 16  19 28    6 12  17 23     1   1 29.0   9 58
Mon Apr 28/Tue Apr 29  6776.7   13 46 34   18 23  19 33   5 45  6 55    9 19  19 33    7 10  18 07     0   2 21.6  13 26
Tue Apr 29/Wed Apr 30  6777.7   13 50 30   18 23  19 32   5 46  6 55    9 22  19 37   .....  18 53     1   3 14.6  16 10
Wed Apr 30/Thu May 01  6778.7   13 54 27   18 22  19 32   5 46  6 56    9 25  19 41   .....  19 40     4   4 07.6  18 03
