  Date (eve/morn)      JDmid    LMSTmidn   ---------- Sun: ---------   LST twilight:  ------------- Moon: --------------
  (2015 at start)    (-2450000)            set  twi.end twi.beg rise    eve    morn    rise   set  %illum   RA      Dec
Tue Dec 01/Wed Dec 02  7358.6    3 00 59   20 25  21 44   5 17  6 36    0 45   8 19    1 03  .....    61   9 54.0  10 33
Wed Dec 02/Thu Dec 03  7359.6    3 04 55   20 26  21 45   5 17  6 36    0 50   8 23    1 41  .....    51  10 40.9   7 09
Thu Dec 03/Fri Dec 04  7360.6    3 08 52   20 27  21 46   5 17  6 36    0 54   8 27    2 17  .....    42  11 26.3   3 32
Fri Dec 04/Sat Dec 05  7361.6    3 12 49   20 27  21 47   5 17  6 37    0 59   8 31    2 52  .....    33  12 10.9 - 0 09
Sat Dec 05/Sun Dec 06  7362.6    3 16 45   20 28  21 48   5 17  6 37    1 04   8 35    3 27  .....    25  12 55.5 - 3 48
Sun Dec 06/Mon Dec 07  7363.6    3 20 42   20 29  21 48   5 17  6 37    1 09   8 39    4 03  .....    17  13 40.6 - 7 18
Mon Dec 07/Tue Dec 08  7364.6    3 24 38   20 29  21 49   5 17  6 37    1 14   8 43    4 41  .....    11  14 26.9 -10 32
Tue Dec 08/Wed Dec 09  7365.6    3 28 35   20 30  21 50   5 17  6 37    1 18   8 47    5 22  18 07     6  15 14.7 -13 20
Wed Dec 09/Thu Dec 10  7366.6    3 32 31   20 31  21 51   5 17  6 37    1 23   8 51    6 06  19 00     2  16 04.5 -15 35
Thu Dec 10/Fri Dec 11  7367.6    3 36 28   20 31  21 52   5 17  6 38    1 28   8 55   .....  19 53     0  16 56.2 -17 08
Fri Dec 11/Sat Dec 12  7368.6    3 40 24   20 32  21 52   5 18  6 38    1 32   8 59   .....  20 46     1  17 49.5 -17 50
Sat Dec 12/Sun Dec 13  7369.6    3 44 21   20 33  21 53   5 18  6 38    1 37   9 03   .....  21 39     3  18 43.9 -17 35
Sun Dec 13/Mon Dec 14  7370.6    3 48 18   20 33  21 54   5 18  6 39    1 42   9 07   .....  22 30     8  19 38.9 -16 21
Mon Dec 14/Tue Dec 15  7371.6    3 52 14   20 34  21 54   5 18  6 39    1 46   9 11   .....  23 18    14  20 33.9 -14 11
Tue Dec 15/Wed Dec 16  7372.6    3 56 11   20 34  21 55   5 19  6 39    1 51   9 16   .....   0 04    23  21 28.4 -11 11
Wed Dec 16/Thu Dec 17  7373.6    4 00 07   20 35  21 56   5 19  6 40    1 56   9 20   .....   0 48    33  22 22.3 - 7 29
Thu Dec 17/Fri Dec 18  7374.6    4 04 04   20 36  21 56   5 19  6 40    2 00   9 24   .....   1 31    44  23 16.0 - 3 18
Fri Dec 18/Sat Dec 19  7375.6    4 08 00   20 36  21 57   5 20  6 41    2 05   9 29   .....   2 14    55   0 09.8   1 09
Sat Dec 19/Sun Dec 20  7376.6    4 11 57   20 37  21 58   5 20  6 41    2 09   9 33   .....   2 57    66   1 04.4   5 38
Sun Dec 20/Mon Dec 21  7377.6    4 15 53   20 37  21 58   5 21  6 41    2 14   9 37   .....   3 43    77   2 00.1   9 51
Mon Dec 21/Tue Dec 22  7378.6    4 19 50   20 38  21 59   5 21  6 42    2 18   9 42   .....   4 30    86   2 57.3  13 32
Tue Dec 22/Wed Dec 23  7379.6    4 23 47   20 38  21 59   5 22  6 42    2 22   9 46   17 40   5 21    93   3 56.0  16 26
Wed Dec 23/Thu Dec 24  7380.6    4 27 43   20 39  22 00   5 22  6 43    2 27   9 51   18 41   6 15    98   4 55.7  18 20
Thu Dec 24/Fri Dec 25  7381.6    4 31 40   20 39  22 00   5 23  6 44    2 31   9 55   19 41  .....   100   5 55.4  19 05
Fri Dec 25/Sat Dec 26  7382.6    4 35 36   20 40  22 00   5 23  6 44    2 36  10 00   20 36  .....    99   6 54.1  18 42
Sat Dec 26/Sun Dec 27  7383.6    4 39 33   20 40  22 01   5 24  6 45    2 40  10 04   21 28  .....    96   7 50.7  17 16
Sun Dec 27/Mon Dec 28  7384.6    4 43 29   20 40  22 01   5 25  6 45    2 44  10 09   22 15  .....    92   8 44.7  15 00
Mon Dec 28/Tue Dec 29  7385.6    4 47 26   20 41  22 01   5 25  6 46    2 49  10 14   22 58  .....    85   9 36.0  12 05
Tue Dec 29/Wed Dec 30  7386.6    4 51 22   20 41  22 02   5 26  6 47    2 53  10 18   23 38  .....    77  10 24.7   8 43
Wed Dec 30/Thu Dec 31  7387.6    4 55 19   20 42  22 02   5 27  6 47    2 57  10 23    0 15  .....    69  11 11.5   5 06
Thu Dec 31/Fri Jan 01  7388.6    4 59 16   20 42  22 02   5 27  6 48    3 01  10 28    0 51  .....    60  11 57.0   1 22
