  Date (eve/morn)      JDmid    LMSTmidn   ---------- Sun: ---------   LST twilight:  ------------- Moon: --------------
  (2019 at start)    (-2450000)            set  twi.end twi.beg rise    eve    morn    rise   set  %illum   RA      Dec
Wed May 01/Thu May 02  8605.7   13 57 33   18 21  19 31   5 46  6 56    9 28  19 45    4 44  16 42     8   0 41.9 - 0 36
Thu May 02/Fri May 03  8606.7   14 01 30   18 21  19 31   5 47  6 57    9 31  19 49    5 37  17 16     3   1 27.2   4 00
Fri May 03/Sat May 04  8607.7   14 05 26   18 20  19 30   5 47  6 57    9 35  19 53    6 31  17 51     1   2 13.9   8 32
Sat May 04/Sun May 05  8608.7   14 09 23   18 19  19 30   5 47  6 58    9 38  19 58    7 28  18 29     0   3 02.7  12 48
Sun May 05/Mon May 06  8609.7   14 13 19   18 19  19 29   5 48  6 58    9 42  20 02   .....  19 10     2   3 53.9  16 35
Mon May 06/Tue May 07  8610.7   14 17 16   18 18  19 28   5 48  6 59    9 45  20 06   .....  19 55     5   4 47.9  19 37
Tue May 07/Wed May 08  8611.7   14 21 13   18 18  19 28   5 48  6 59    9 48  20 11   .....  20 45    11   5 44.6  21 39
Wed May 08/Thu May 09  8612.7   14 25 09   18 17  19 27   5 49  6 59    9 52  20 15   .....  21 40    19   6 43.3  22 28
Thu May 09/Fri May 10  8613.7   14 29 06   18 16  19 27   5 49  7 00    9 55  20 19   .....  22 40    28   7 42.9  21 58
Fri May 10/Sat May 11  8614.7   14 33 02   18 16  19 27   5 50  7 00    9 59  20 24   .....  23 41    39   8 42.2  20 08
Sat May 11/Sun May 12  8615.7   14 36 59   18 15  19 26   5 50  7 01   10 02  20 28   .....   0 44    50   9 40.4  17 04
Sun May 12/Mon May 13  8616.7   14 40 55   18 15  19 26   5 50  7 01   10 06  20 32   .....   1 47    62  10 37.0  12 59
Mon May 13/Tue May 14  8617.7   14 44 52   18 14  19 25   5 51  7 02   10 09  20 37   .....   2 49    73  11 32.0   8 08
Tue May 14/Wed May 15  8618.7   14 48 48   18 14  19 25   5 51  7 02   10 13  20 41   .....   3 51    82  12 25.8   2 49
Wed May 15/Thu May 16  8619.7   14 52 45   18 13  19 25   5 52  7 03   10 17  20 45   .....   4 52    90  13 19.1 - 2 37
Thu May 16/Fri May 17  8620.7   14 56 42   18 13  19 24   5 52  7 03   10 20  20 50   16 43   5 53    96  14 12.5 - 7 53
Fri May 17/Sat May 18  8621.7   15 00 38   18 12  19 24   5 52  7 04   10 24  20 54   17 24   6 53    99  15 06.6 -12 39
Sat May 18/Sun May 19  8622.7   15 04 35   18 12  19 24   5 53  7 04   10 27  20 58   18 07   7 54   100  16 01.6 -16 39
Sun May 19/Mon May 20  8623.7   15 08 31   18 12  19 23   5 53  7 05   10 31  21 03   18 52  .....    98  16 57.4 -19 38
Mon May 20/Tue May 21  8624.7   15 12 28   18 11  19 23   5 53  7 05   10 35  21 07   19 41  .....    94  17 53.4 -21 29
Tue May 21/Wed May 22  8625.7   15 16 24   18 11  19 23   5 54  7 06   10 38  21 11   20 31  .....    88  18 48.8 -22 09
Wed May 22/Thu May 23  8626.7   15 20 21   18 11  19 23   5 54  7 06   10 42  21 16   21 24  .....    81  19 42.8 -21 39
Thu May 23/Fri May 24  8627.7   15 24 17   18 10  19 22   5 55  7 07   10 46  21 20   22 17  .....    72  20 34.9 -20 08
Fri May 24/Sat May 25  8628.7   15 28 14   18 10  19 22   5 55  7 07   10 50  21 24   23 10  .....    64  21 24.8 -17 43
Sat May 25/Sun May 26  8629.7   15 32 11   18 10  19 22   5 55  7 08   10 53  21 29    0 02  .....    54  22 12.6 -14 35
Sun May 26/Mon May 27  8630.7   15 36 07   18 10  19 22   5 56  7 08   10 57  21 33    0 53  .....    45  22 58.6 -10 53
Mon May 27/Tue May 28  8631.7   15 40 04   18 09  19 22   5 56  7 08   11 01  21 37    1 44  .....    35  23 43.5 - 6 44
Tue May 28/Wed May 29  8632.7   15 44 00   18 09  19 21   5 57  7 09   11 05  21 42    2 35  .....    27   0 28.1 - 2 18
Wed May 29/Thu May 30  8633.7   15 47 57   18 09  19 21   5 57  7 09   11 09  21 46    3 27  .....    19   1 13.0   2 17
Thu May 30/Fri May 31  8634.7   15 51 53   18 09  19 21   5 57  7 10   11 12  21 50    4 20  .....    11   1 59.0   6 53
Fri May 31/Sat Jun 01  8635.7   15 55 50   18 09  19 21   5 58  7 10   11 16  21 54    5 16  16 25     6   2 47.0  11 19
