  Date (eve/morn)      JDmid    LMSTmidn   ---------- Sun: ---------   LST twilight:  ------------- Moon: --------------
  (2022 at start)    (-2450000)            set  twi.end twi.beg rise    eve    morn    rise   set  %illum   RA      Dec
Fri Apr 01/Sat Apr 02  9671.7   12 00 21   18 47  19 56   5 35  6 43    7 55  17 36   .....  19 18     1   1 28.3   6 54
Sat Apr 02/Sun Apr 03  9672.7   12 04 18   18 46  19 55   5 35  6 44    7 58  17 41   .....  19 51     4   2 14.5  12 16
Sun Apr 03/Mon Apr 04  9673.7   12 08 14   18 45  19 54   5 36  6 44    8 01  17 45   .....  20 26     8   3 01.4  17 03
Mon Apr 04/Tue Apr 05  9674.7   12 12 11   18 44  19 53   5 36  6 45    8 04  17 49   .....  21 03    14   3 49.8  21 06
Tue Apr 05/Wed Apr 06  9675.7   12 16 08   18 43  19 52   5 37  6 45    8 07  17 54   .....  21 44    22   4 39.7  24 13
Wed Apr 06/Thu Apr 07  9676.7   12 20 04   18 42  19 51   5 37  6 46    8 10  17 58   .....  22 28    30   5 31.2  26 17
Thu Apr 07/Fri Apr 08  9677.7   12 24 01   18 42  19 50   5 37  6 46    8 13  18 02   .....  23 16    39   6 23.9  27 12
Fri Apr 08/Sat Apr 09  9678.7   12 27 57   18 41  19 49   5 38  6 46    8 16  18 07   .....   0 08    48   7 17.0  26 53
Sat Apr 09/Sun Apr 10  9679.7   12 31 54   18 40  19 48   5 38  6 47    8 19  18 11   .....   1 02    58   8 09.9  25 20
Sun Apr 10/Mon Apr 11  9680.7   12 35 50   18 39  19 47   5 39  6 47    8 22  18 15   .....   1 58    67   9 01.9  22 36
Mon Apr 11/Tue Apr 12  9681.7   12 39 47   18 38  19 46   5 39  6 48    8 25  18 20   .....   2 54    76   9 52.7  18 47
Tue Apr 12/Wed Apr 13  9682.7   12 43 43   18 37  19 45   5 39  6 48    8 28  18 24   .....   3 51    84  10 42.5  14 01
Wed Apr 13/Thu Apr 14  9683.7   12 47 40   18 36  19 44   5 40  6 48    8 31  18 28   16 43   4 48    91  11 31.6   8 29
Thu Apr 14/Fri Apr 15  9684.7   12 51 37   18 35  19 44   5 40  6 49    8 35  18 33   17 17   5 46    96  12 20.9   2 24
Fri Apr 15/Sat Apr 16  9685.7   12 55 33   18 34  19 43   5 40  6 49    8 38  18 37   17 52   6 46    99  13 11.2 - 3 58
Sat Apr 16/Sun Apr 17  9686.7   12 59 30   18 33  19 42   5 41  6 50    8 41  18 41   18 28  .....   100  14 03.5 -10 15
Sun Apr 17/Mon Apr 18  9687.7   13 03 26   18 32  19 41   5 41  6 50    8 44  18 46   19 08  .....    97  14 58.8 -16 04
Mon Apr 18/Tue Apr 19  9688.7   13 07 23   18 31  19 40   5 42  6 51    8 47  18 50   19 52  .....    92  15 57.6 -20 59
Tue Apr 19/Wed Apr 20  9689.7   13 11 19   18 31  19 40   5 42  6 51    8 50  18 54   20 42  .....    85  16 59.8 -24 32
Wed Apr 20/Thu Apr 21  9690.7   13 15 16   18 30  19 39   5 42  6 51    8 53  18 58   21 39  .....    75  18 04.2 -26 24
Thu Apr 21/Fri Apr 22  9691.7   13 19 12   18 29  19 38   5 43  6 52    8 56  19 03   22 41  .....    64  19 08.8 -26 25
Fri Apr 22/Sat Apr 23  9692.7   13 23 09   18 28  19 37   5 43  6 52    9 00  19 07   23 47  .....    53  20 11.3 -24 41
Sat Apr 23/Sun Apr 24  9693.7   13 27 06   18 27  19 36   5 43  6 53    9 03  19 11    0 52  .....    42  21 10.3 -21 27
Sun Apr 24/Mon Apr 25  9694.7   13 31 02   18 26  19 36   5 44  6 53    9 06  19 16    1 55  .....    31  22 05.1 -17 05
Mon Apr 25/Tue Apr 26  9695.7   13 34 59   18 26  19 35   5 44  6 54    9 09  19 20    2 56  .....    22  22 56.2 -11 56
Tue Apr 26/Wed Apr 27  9696.7   13 38 55   18 25  19 34   5 44  6 54    9 13  19 24    3 53  .....    14  23 44.4 - 6 19
Wed Apr 27/Thu Apr 28  9697.7   13 42 52   18 24  19 34   5 45  6 55    9 16  19 29    4 49  16 46     7   0 30.7 - 0 32
Thu Apr 28/Fri Apr 29  9698.7   13 46 48   18 23  19 33   5 45  6 55    9 19  19 33    5 43  17 18     3   1 16.1   5 11
Fri Apr 29/Sat Apr 30  9699.7   13 50 45   18 23  19 32   5 46  6 55    9 22  19 37    6 38  17 50     0   2 01.5  10 37
Sat Apr 30/Sun May 01  9700.7   13 54 41   18 22  19 32   5 46  6 56    9 26  19 42    7 32  18 24     0   2 47.7  15 35
