  Date (eve/morn)      JDmid    LMSTmidn   ---------- Sun: ---------   LST twilight:  ------------- Moon: --------------
  (2020 at start)    (-2450000)            set  twi.end twi.beg rise    eve    morn    rise   set  %illum   RA      Dec
Tue Sep 01/Wed Sep 02  9094.7   22 05 29   18 38  19 46   5 36  6 44   17 51   3 42   18 03   7 27   100  22 52.4 -12 15
Wed Sep 02/Thu Sep 03  9095.7   22 09 25   18 38  19 47   5 35  6 43   17 55   3 45   18 56  .....    99  23 38.9 - 7 35
Thu Sep 03/Fri Sep 04  9096.7   22 13 22   18 39  19 47   5 34  6 42   18 00   3 48   19 48  .....    96   0 23.7 - 2 41
Fri Sep 04/Sat Sep 05  9097.7   22 17 19   18 39  19 47   5 33  6 41   18 04   3 51   20 38  .....    92   1 07.7   2 16
Sat Sep 05/Sun Sep 06  9098.7   22 21 15   18 39  19 48   5 32  6 40   18 08   3 54   21 28  .....    86   1 51.5   7 07
Sun Sep 06/Mon Sep 07  9099.7   22 25 12   18 40  19 48   5 31  6 39   18 12   3 57   22 18  .....    78   2 36.1  11 40
Mon Sep 07/Tue Sep 08  9100.7   22 29 08   18 40  19 48   5 30  6 38   18 17   4 00   23 10  .....    70   3 22.0  15 48
Tue Sep 08/Wed Sep 09  9101.7   22 33 05   18 40  19 49   5 29  6 37   18 21   4 03    0 02  .....    61   4 10.0  19 21
Wed Sep 09/Thu Sep 10  9102.7   22 37 01   18 41  19 49   5 28  6 36   18 25   4 06    0 57  .....    51   5 00.4  22 06
Thu Sep 10/Fri Sep 11  9103.7   22 40 58   18 41  19 49   5 27  6 35   18 30   4 09    1 52  .....    42   5 53.6  23 53
Fri Sep 11/Sat Sep 12  9104.7   22 44 54   18 41  19 50   5 26  6 34   18 34   4 11    2 47  .....    32   6 49.0  24 32
Sat Sep 12/Sun Sep 13  9105.7   22 48 51   18 42  19 50   5 25  6 33   18 38   4 14    3 41  .....    23   7 46.1  23 52
Sun Sep 13/Mon Sep 14  9106.7   22 52 48   18 42  19 50   5 24  6 32   18 42   4 17    4 33  .....    14   8 43.8  21 51
Mon Sep 14/Tue Sep 15  9107.7   22 56 44   18 42  19 51   5 22  6 31   18 47   4 20    5 21  .....     7   9 41.2  18 30
Tue Sep 15/Wed Sep 16  9108.7   23 00 41   18 43  19 51   5 21  6 30   18 51   4 23    6 07  16 59     3  10 37.7  13 59
Wed Sep 16/Thu Sep 17  9109.7   23 04 37   18 43  19 51   5 20  6 29   18 55   4 26    6 49  18 05     0  11 33.0   8 35
Thu Sep 17/Fri Sep 18  9110.7   23 08 34   18 43  19 52   5 19  6 28   19 00   4 29   .....  19 10     1  12 27.6   2 37
Fri Sep 18/Sat Sep 19  9111.7   23 12 30   18 44  19 52   5 18  6 27   19 04   4 32   .....  20 15     4  13 21.9 - 3 32
Sat Sep 19/Sun Sep 20  9112.7   23 16 27   18 44  19 53   5 17  6 25   19 08   4 34   .....  21 21    10  14 16.7 - 9 26
Sun Sep 20/Mon Sep 21  9113.7   23 20 23   18 44  19 53   5 16  6 24   19 13   4 37   .....  22 27    19  15 12.7 -14 43
Mon Sep 21/Tue Sep 22  9114.7   23 24 20   18 45  19 53   5 15  6 23   19 17   4 40   .....  23 33    28  16 10.1 -19 03
Tue Sep 22/Wed Sep 23  9115.7   23 28 17   18 45  19 54   5 14  6 22   19 21   4 43   .....   0 37    39  17 08.7 -22 09
Wed Sep 23/Thu Sep 24  9116.7   23 32 13   18 46  19 54   5 13  6 21   19 26   4 46   .....   1 38    50  18 07.9 -23 52
Thu Sep 24/Fri Sep 25  9117.7   23 36 10   18 46  19 55   5 11  6 20   19 30   4 48   .....   2 35    61  19 06.5 -24 09
Fri Sep 25/Sat Sep 26  9118.7   23 40 06   18 46  19 55   5 10  6 19   19 34   4 51   .....   3 26    71  20 03.6 -23 03
Sat Sep 26/Sun Sep 27  9119.7   23 44 03   18 47  19 55   5 09  6 18   19 39   4 54   .....   4 11    80  20 58.1 -20 45
Sun Sep 27/Mon Sep 28  9120.7   23 47 59   18 47  19 56   5 08  6 17   19 43   4 57   .....   4 52    87  21 49.8 -17 28
Mon Sep 28/Tue Sep 29  9121.7   23 51 56   18 47  19 56   5 07  6 16   19 48   5 00   .....   5 28    93  22 38.7 -13 26
Tue Sep 29/Wed Sep 30  9122.7   23 55 52   18 48  19 57   5 06  6 15   19 52   5 03   16 51   6 02    97  23 25.3 - 8 52
Wed Sep 30/Thu Oct 01  9123.7   23 59 49   18 48  19 57   5 05  6 14   19 56   5 05   17 43   6 34    99   0 10.3 - 4 00
