  Date (eve/morn)      JDmid    LMSTmidn   ---------- Sun: ---------   LST twilight:  ------------- Moon: --------------
  (2016 at start)    (-2450000)            set  twi.end twi.beg rise    eve    morn    rise   set  %illum   RA      Dec
Thu Sep 01/Fri Sep 02  7633.7   22 05 21   18 38  19 46   5 36  6 44   17 51   3 42    7 29  19 04     1  11 20.3   5 07
Fri Sep 02/Sat Sep 03  7634.7   22 09 18   18 38  19 47   5 35  6 43   17 55   3 45   .....  19 56     3  12 06.8   1 19
Sat Sep 03/Sun Sep 04  7635.7   22 13 15   18 39  19 47   5 34  6 42   18 00   3 48   .....  20 47     7  12 52.6 - 2 29
Sun Sep 04/Mon Sep 05  7636.7   22 17 11   18 39  19 47   5 33  6 41   18 04   3 51   .....  21 38    13  13 38.1 - 6 08
Mon Sep 05/Tue Sep 06  7637.7   22 21 08   18 39  19 48   5 32  6 40   18 08   3 54   .....  22 28    20  14 23.8 - 9 31
Tue Sep 06/Wed Sep 07  7638.7   22 25 04   18 40  19 48   5 31  6 39   18 12   3 57   .....  23 18    28  15 10.2 -12 29
Wed Sep 07/Thu Sep 08  7639.7   22 29 01   18 40  19 48   5 30  6 38   18 17   4 00   .....   0 09    37  15 57.8 -14 57
Thu Sep 08/Fri Sep 09  7640.7   22 32 57   18 40  19 49   5 29  6 37   18 21   4 03   .....   0 59    46  16 46.8 -16 48
Fri Sep 09/Sat Sep 10  7641.7   22 36 54   18 41  19 49   5 28  6 36   18 25   4 06   .....   1 50    56  17 37.5 -17 55
Sat Sep 10/Sun Sep 11  7642.7   22 40 50   18 41  19 49   5 27  6 35   18 29   4 08   .....   2 40    66  18 29.7 -18 11
Sun Sep 11/Mon Sep 12  7643.7   22 44 47   18 41  19 50   5 26  6 34   18 34   4 11   .....   3 29    75  19 23.4 -17 32
Mon Sep 12/Tue Sep 13  7644.7   22 48 44   18 42  19 50   5 25  6 33   18 38   4 14   .....   4 17    84  20 18.2 -15 54
Tue Sep 13/Wed Sep 14  7645.7   22 52 40   18 42  19 50   5 24  6 32   18 42   4 17   .....   5 04    91  21 13.7 -13 19
Wed Sep 14/Thu Sep 15  7646.7   22 56 37   18 42  19 51   5 23  6 31   18 47   4 20   .....   5 50    96  22 09.7 - 9 52
Thu Sep 15/Fri Sep 16  7647.7   23 00 33   18 43  19 51   5 21  6 30   18 51   4 23   17 32   6 35    99  23 06.0 - 5 43
Fri Sep 16/Sat Sep 17  7648.7   23 04 30   18 43  19 51   5 20  6 29   18 55   4 26   18 34   7 20   100   0 02.6 - 1 07
Sat Sep 17/Sun Sep 18  7649.7   23 08 26   18 43  19 52   5 19  6 28   19 00   4 29   19 38  .....    97   0 59.6   3 38
Sun Sep 18/Mon Sep 19  7650.7   23 12 23   18 44  19 52   5 18  6 27   19 04   4 31   20 42  .....    92   1 57.3   8 11
Mon Sep 19/Tue Sep 20  7651.7   23 16 19   18 44  19 53   5 17  6 26   19 08   4 34   21 46  .....    84   2 55.7  12 12
Tue Sep 20/Wed Sep 21  7652.7   23 20 16   18 44  19 53   5 16  6 24   19 13   4 37   22 49  .....    74   3 54.7  15 24
Wed Sep 21/Thu Sep 22  7653.7   23 24 13   18 45  19 53   5 15  6 23   19 17   4 40   23 51  .....    63   4 53.9  17 36
Thu Sep 22/Fri Sep 23  7654.7   23 28 09   18 45  19 54   5 14  6 22   19 21   4 43    0 51  .....    52   5 52.7  18 41
Fri Sep 23/Sat Sep 24  7655.7   23 32 06   18 46  19 54   5 13  6 21   19 26   4 46    1 46  .....    41   6 50.3  18 39
Sat Sep 24/Sun Sep 25  7656.7   23 36 02   18 46  19 55   5 12  6 20   19 30   4 48    2 38  .....    31   7 46.2  17 35
Sun Sep 25/Mon Sep 26  7657.7   23 39 59   18 46  19 55   5 10  6 19   19 34   4 51    3 26  .....    22   8 40.0  15 38
Mon Sep 26/Tue Sep 27  7658.7   23 43 55   18 47  19 55   5 09  6 18   19 39   4 54    4 10  .....    14   9 31.5  12 57
Tue Sep 27/Wed Sep 28  7659.7   23 47 52   18 47  19 56   5 08  6 17   19 43   4 57    4 50  .....     8  10 20.9   9 44
Wed Sep 28/Thu Sep 29  7660.7   23 51 48   18 47  19 56   5 07  6 16   19 48   5 00    5 28  16 57     3  11 08.6   6 10
Thu Sep 29/Fri Sep 30  7661.7   23 55 45   18 48  19 57   5 06  6 15   19 52   5 03    6 05  17 50     1  11 55.0   2 24
Fri Sep 30/Sat Oct 01  7662.7   23 59 42   18 48  19 57   5 05  6 14   19 56   5 05    6 41  18 41     0  12 40.6 - 1 24
