  Date (eve/morn)      JDmid    LMSTmidn   ---------- Sun: ---------   LST twilight:  ------------- Moon: --------------
  (2021 at start)    (-2450000)            set  twi.end twi.beg rise    eve    morn    rise   set  %illum   RA      Dec
Thu Jul 01/Fri Jul 02  9397.7   18 00 05   18 13  19 26   6 05  7 19   13 25   0 07    0 55  .....    46   1 00.5   1 45
Fri Jul 02/Sat Jul 03  9398.7   18 04 02   18 13  19 26   6 06  7 19   13 29   0 11    1 46  .....    37   1 44.1   6 52
Sat Jul 03/Sun Jul 04  9399.7   18 07 58   18 13  19 26   6 06  7 19   13 34   0 15    2 37  .....    28   2 27.8  11 40
Sun Jul 04/Mon Jul 05  9400.7   18 11 55   18 14  19 27   6 06  7 19   13 38   0 18    3 28  .....    20   3 12.7  16 00
Mon Jul 05/Tue Jul 06  9401.7   18 15 51   18 14  19 27   6 06  7 19   13 42   0 22    4 21  .....    13   3 59.3  19 43
Tue Jul 06/Wed Jul 07  9402.7   18 19 48   18 14  19 27   6 06  7 18   13 46   0 26    5 15  .....     8   4 48.1  22 40
Wed Jul 07/Thu Jul 08  9403.7   18 23 44   18 15  19 28   6 06  7 18   13 51   0 30    6 09  16 19     3   5 39.0  24 40
Thu Jul 08/Fri Jul 09  9404.7   18 27 41   18 15  19 28   6 06  7 18   13 55   0 34    7 02  17 07     1   6 31.7  25 34
Fri Jul 09/Sat Jul 10  9405.7   18 31 38   18 16  19 28   6 05  7 18   13 59   0 38    7 53  17 59     0   7 25.4  25 16
Sat Jul 10/Sun Jul 11  9406.7   18 35 34   18 16  19 29   6 05  7 18   14 04   0 42   .....  18 55     1   8 19.1  23 44
Sun Jul 11/Mon Jul 12  9407.7   18 39 31   18 16  19 29   6 05  7 18   14 08   0 46   .....  19 52     4   9 11.9  21 01
Mon Jul 12/Tue Jul 13  9408.7   18 43 27   18 17  19 29   6 05  7 18   14 12   0 50   .....  20 50    10  10 03.5  17 15
Tue Jul 13/Wed Jul 14  9409.7   18 47 24   18 17  19 30   6 05  7 17   14 16   0 53   .....  21 48    17  10 53.6  12 37
Wed Jul 14/Thu Jul 15  9410.7   18 51 20   18 18  19 30   6 05  7 17   14 21   0 57   .....  22 46    25  11 42.8   7 18
Thu Jul 15/Fri Jul 16  9411.7   18 55 17   18 18  19 30   6 05  7 17   14 25   1 01   .....  23 44    35  12 31.8   1 33
Fri Jul 16/Sat Jul 17  9412.7   18 59 13   18 19  19 31   6 05  7 17   14 29   1 05   .....   0 43    46  13 21.6 - 4 24
Sat Jul 17/Sun Jul 18  9413.7   19 03 10   18 19  19 31   6 04  7 16   14 34   1 09   .....   1 44    58  14 13.3 -10 15
Sun Jul 18/Mon Jul 19  9414.7   19 07 07   18 19  19 32   6 04  7 16   14 38   1 12   .....   2 48    69  15 07.9 -15 41
Mon Jul 19/Tue Jul 20  9415.7   19 11 03   18 20  19 32   6 04  7 16   14 42   1 16   .....   3 55    79  16 06.2 -20 18
Tue Jul 20/Wed Jul 21  9416.7   19 15 00   18 20  19 32   6 04  7 15   14 47   1 20   .....   5 03    88  17 08.4 -23 41
Wed Jul 21/Thu Jul 22  9417.7   19 18 56   18 21  19 33   6 03  7 15   14 51   1 23   .....   6 09    95  18 13.4 -25 27
Thu Jul 22/Fri Jul 23  9418.7   19 22 53   18 21  19 33   6 03  7 15   14 55   1 27   16 40   7 11    99  19 19.1 -25 24
Fri Jul 23/Sat Jul 24  9419.7   19 26 49   18 22  19 33   6 03  7 14   14 59   1 31   17 45  .....   100  20 23.1 -23 35
Sat Jul 24/Sun Jul 25  9420.7   19 30 46   18 22  19 34   6 02  7 14   15 04   1 34   18 51  .....    98  21 23.4 -20 17
Sun Jul 25/Mon Jul 26  9421.7   19 34 42   18 23  19 34   6 02  7 13   15 08   1 38   19 55  .....    94  22 19.3 -15 52
Mon Jul 26/Tue Jul 27  9422.7   19 38 39   18 23  19 34   6 02  7 13   15 12   1 41   20 55  .....    88  23 10.9 -10 47
Tue Jul 27/Wed Jul 28  9423.7   19 42 36   18 23  19 35   6 01  7 13   15 17   1 45   21 51  .....    80  23 59.2 - 5 22
Wed Jul 28/Thu Jul 29  9424.7   19 46 32   18 24  19 35   6 01  7 12   15 21   1 48   22 45  .....    72   0 45.1   0 06
Thu Jul 29/Fri Jul 30  9425.7   19 50 29   18 24  19 35   6 01  7 12   15 25   1 52   23 38  .....    62   1 29.8   5 25
Fri Jul 30/Sat Jul 31  9426.7   19 54 25   18 25  19 36   6 00  7 11   15 29   1 56    0 29  .....    53   2 14.2  10 26
Sat Jul 31/Sun Aug 01  9427.7   19 58 22   18 25  19 36   6 00  7 10   15 34   1 59    1 21  .....    43   2 59.2  14 58
