  Date (eve/morn)      JDmid    LMSTmidn   ---------- Sun: ---------   LST twilight:  ------------- Moon: --------------
  (2016 at start)    (-2450000)            set  twi.end twi.beg rise    eve    morn    rise   set  %illum   RA      Dec
Sat Oct 01/Sun Oct 02  7663.7    0 03 38   18 49  19 58   5 04  6 13   20 01   5 08   .....  19 31     1  13 25.9 - 5 06
Sun Oct 02/Mon Oct 03  7664.7    0 07 35   18 49  19 58   5 03  6 12   20 05   5 11   .....  20 22     4  14 11.3 - 8 34
Mon Oct 03/Tue Oct 04  7665.7    0 11 31   18 49  19 59   5 01  6 11   20 10   5 14   .....  21 12     9  14 57.3 -11 40
Tue Oct 04/Wed Oct 05  7666.7    0 15 28   18 50  19 59   5 00  6 10   20 14   5 17   .....  22 02    15  15 44.2 -14 16
Wed Oct 05/Thu Oct 06  7667.7    0 19 24   18 50  20 00   4 59  6 09   20 19   5 19   .....  22 53    22  16 32.2 -16 18
Thu Oct 06/Fri Oct 07  7668.7    0 23 21   18 51  20 00   4 58  6 08   20 23   5 22   .....  23 43    30  17 21.5 -17 38
Fri Oct 07/Sat Oct 08  7669.7    0 27 17   18 51  20 01   4 57  6 07   20 28   5 25   .....   0 32    39  18 12.1 -18 10
Sat Oct 08/Sun Oct 09* 7670.7    0 31 14   18 52  20 01   5 56  7 06   20 32   5 28   .....   1 21    49  19 03.9 -17 51
Sun Oct 09/Mon Oct 10  7671.6   23 35 01   19 52  21 02   5 55  7 05   20 37   5 31   .....   3 08    59  19 54.9 -16 45
Mon Oct 10/Tue Oct 11  7672.6   23 38 57   19 52  21 03   5 54  7 04   20 41   5 34   .....   3 54    69  20 48.6 -14 38
Tue Oct 11/Wed Oct 12  7673.6   23 42 54   19 53  21 03   5 53  7 03   20 46   5 36   .....   4 39    79  21 43.1 -11 38
Wed Oct 12/Thu Oct 13  7674.6   23 46 50   19 53  21 04   5 52  7 02   20 50   5 39   .....   5 24    87  22 38.2 - 7 50
Thu Oct 13/Fri Oct 14  7675.6   23 50 47   19 54  21 04   5 50  7 01   20 55   5 42   17 13   6 08    94  23 34.1 - 3 26
Fri Oct 14/Sat Oct 15  7676.6   23 54 43   19 54  21 05   5 49  7 00   20 59   5 45   18 16   6 53    98   0 31.0   1 20
Sat Oct 15/Sun Oct 16  7677.6   23 58 40   19 55  21 06   5 48  6 59   21 04   5 48   19 21  .....   100   1 29.1   6 07
Sun Oct 16/Mon Oct 17  7678.6    0 02 37   19 55  21 06   5 47  6 58   21 08   5 51   20 26  .....    98   2 28.7  10 34
Mon Oct 17/Tue Oct 18  7679.6    0 06 33   19 56  21 07   5 46  6 57   21 13   5 54   21 33  .....    94   3 29.5  14 19
Tue Oct 18/Wed Oct 19  7680.6    0 10 30   19 56  21 08   5 45  6 56   21 18   5 57   22 38  .....    87   4 31.0  17 03
Wed Oct 19/Thu Oct 20  7681.6    0 14 26   19 57  21 08   5 44  6 56   21 22   6 00   23 41  .....    78   5 32.4  18 38
Thu Oct 20/Fri Oct 21  7682.6    0 18 23   19 57  21 09   5 43  6 55   21 27   6 02    0 40  .....    67   6 32.5  18 59
Fri Oct 21/Sat Oct 22  7683.6    0 22 19   19 58  21 10   5 42  6 54   21 31   6 05    1 35  .....    57   7 30.5  18 11
Sat Oct 22/Sun Oct 23  7684.6    0 26 16   19 58  21 10   5 41  6 53   21 36   6 08    2 25  .....    46   8 25.8  16 26
Sun Oct 23/Mon Oct 24  7685.6    0 30 12   19 59  21 11   5 40  6 52   21 41   6 11    3 10  .....    36   9 18.4  13 54
Mon Oct 24/Tue Oct 25  7686.6    0 34 09   20 00  21 12   5 39  6 51   21 45   6 14    3 51  .....    26  10 08.4  10 47
Tue Oct 25/Wed Oct 26  7687.6    0 38 06   20 00  21 13   5 38  6 51   21 50   6 17    4 30  .....    18  10 56.2   7 17
Wed Oct 26/Thu Oct 27  7688.6    0 42 02   20 01  21 13   5 37  6 50   21 55   6 20    5 06  .....    11  11 42.6   3 33
Thu Oct 27/Fri Oct 28  7689.6    0 45 59   20 01  21 14   5 36  6 49   22 00   6 23    5 42  17 37     6  12 28.0 - 0 15
Fri Oct 28/Sat Oct 29  7690.6    0 49 55   20 02  21 15   5 35  6 48   22 04   6 26    6 17  18 27     2  13 12.9 - 4 00
Sat Oct 29/Sun Oct 30  7691.6    0 53 52   20 03  21 16   5 35  6 48   22 09   6 29   .....  19 17     1  13 58.0 - 7 34
Sun Oct 30/Mon Oct 31  7692.6    0 57 48   20 03  21 16   5 34  6 47   22 14   6 32   .....  20 08     0  14 43.7 -10 48
Mon Oct 31/Tue Nov 01  7693.6    1 01 45   20 04  21 17   5 33  6 46   22 19   6 36   .....  20 58     2  15 30.2 -13 36
