  Date (eve/morn)      JDmid    LMSTmidn   ---------- Sun: ---------   LST twilight:  ------------- Moon: --------------
  (2020 at start)    (-2450000)            set  twi.end twi.beg rise    eve    morn    rise   set  %illum   RA      Dec
Wed Jan 01/Thu Jan 02  8850.6    5 03 19   20 42  22 02   5 28  6 48    3 05  10 32   .....   1 21    39   0 03.3 - 4 38
Thu Jan 02/Fri Jan 03  8851.6    5 07 16   20 42  22 03   5 29  6 49    3 09  10 37   .....   1 53    49   0 47.1   0 01
Fri Jan 03/Sat Jan 04  8852.6    5 11 13   20 43  22 03   5 30  6 50    3 14  10 42   .....   2 25    58   1 31.2   4 44
Sat Jan 04/Sun Jan 05  8853.6    5 15 09   20 43  22 03   5 31  6 51    3 18  10 47   .....   2 59    68   2 16.6   9 22
Sun Jan 05/Mon Jan 06  8854.6    5 19 06   20 43  22 03   5 31  6 51    3 22  10 51   .....   3 35    77   3 04.1  13 45
Mon Jan 06/Tue Jan 07  8855.6    5 23 02   20 43  22 03   5 32  6 52    3 26  10 56   .....   4 15    85   3 54.6  17 40
Tue Jan 07/Wed Jan 08  8856.6    5 26 59   20 43  22 03   5 33  6 53    3 30  11 01   17 39   5 00    91   4 48.7  20 52
Wed Jan 08/Thu Jan 09  8857.6    5 30 55   20 43  22 03   5 34  6 53    3 34  11 06   18 38   5 52    97   5 46.3  23 02
Thu Jan 09/Fri Jan 10  8858.6    5 34 52   20 44  22 03   5 35  6 54    3 37  11 11   19 38  .....    99   6 46.8  23 55
Fri Jan 10/Sat Jan 11  8859.6    5 38 48   20 44  22 03   5 36  6 55    3 41  11 15   20 37  .....   100   7 48.9  23 20
Sat Jan 11/Sun Jan 12  8860.6    5 42 45   20 44  22 03   5 37  6 56    3 45  11 20   21 33  .....    97   8 50.8  21 14
Sun Jan 12/Mon Jan 13  8861.6    5 46 42   20 44  22 03   5 38  6 56    3 49  11 25   22 24  .....    93   9 50.9  17 48
Mon Jan 13/Tue Jan 14  8862.6    5 50 38   20 44  22 02   5 38  6 57    3 53  11 30   23 10  .....    85  10 48.5  13 18
Tue Jan 14/Wed Jan 15  8863.6    5 54 35   20 44  22 02   5 39  6 58    3 56  11 35   23 53  .....    76  11 43.6   8 06
Wed Jan 15/Thu Jan 16  8864.6    5 58 31   20 44  22 02   5 40  6 59    4 00  11 40    0 33  .....    65  12 36.7   2 33
Thu Jan 16/Fri Jan 17  8865.6    6 02 28   20 44  22 02   5 41  6 59    4 04  11 45    1 12  .....    54  13 28.7 - 3 01
Fri Jan 17/Sat Jan 18  8866.6    6 06 24   20 43  22 01   5 42  7 00    4 08  11 50    1 51  .....    43  14 20.4 - 8 18
Sat Jan 18/Sun Jan 19  8867.6    6 10 21   20 43  22 01   5 43  7 01    4 11  11 54    2 32  .....    32  15 12.7 -13 03
Sun Jan 19/Mon Jan 20  8868.6    6 14 17   20 43  22 01   5 44  7 02    4 15  11 59    3 15  .....    23  16 05.9 -17 01
Mon Jan 20/Tue Jan 21  8869.6    6 18 14   20 43  22 00   5 45  7 03    4 18  12 04    4 02  .....    14  17 00.4 -20 01
Tue Jan 21/Wed Jan 22  8870.6    6 22 11   20 43  22 00   5 46  7 03    4 22  12 09    4 52  18 11     8  17 55.8 -21 53
Wed Jan 22/Thu Jan 23  8871.6    6 26 07   20 43  22 00   5 47  7 04    4 25  12 14    5 45  19 08     3  18 51.2 -22 32
Thu Jan 23/Fri Jan 24  8872.6    6 30 04   20 42  21 59   5 48  7 05    4 29  12 19    6 40  20 01     1  19 45.9 -21 59
Fri Jan 24/Sat Jan 25  8873.6    6 34 00   20 42  21 59   5 49  7 06    4 32  12 24   .....  20 49     0  20 38.9 -20 19
Sat Jan 25/Sun Jan 26  8874.6    6 37 57   20 42  21 58   5 50  7 06    4 36  12 29   .....  21 32     1  21 29.7 -17 42
Sun Jan 26/Mon Jan 27  8875.6    6 41 53   20 41  21 58   5 51  7 07    4 39  12 34   .....  22 11     5  22 18.1 -14 19
Mon Jan 27/Tue Jan 28  8876.6    6 45 50   20 41  21 57   5 52  7 08    4 43  12 39   .....  22 47     9  23 04.3 -10 21
Tue Jan 28/Wed Jan 29  8877.6    6 49 46   20 41  21 57   5 53  7 09    4 46  12 44   .....  23 20    16  23 48.9 - 6 00
Wed Jan 29/Thu Jan 30  8878.6    6 53 43   20 40  21 56   5 54  7 09    4 49  12 48   .....  23 52    23   0 32.5 - 1 26
Thu Jan 30/Fri Jan 31  8879.6    6 57 40   20 40  21 55   5 55  7 10    4 53  12 53   .....   0 24    31   1 15.9   3 14
Fri Jan 31/Sat Feb 01  8880.6    7 01 36   20 39  21 55   5 56  7 11    4 56  12 58   .....   0 56    40   2 00.0   7 50
