  Date (eve/morn)      JDmid    LMSTmidn   ---------- Sun: ---------   LST twilight:  ------------- Moon: --------------
  (2011 at start)    (-2450000)            set  twi.end twi.beg rise    eve    morn    rise   set  %illum   RA      Dec
Tue Mar 01/Wed Mar 02  5622.6    8 56 39   20 19  21 29   6 19  7 29    6 25  15 17    5 31  18 19     7  20 50.3 -13 43
Wed Mar 02/Thu Mar 03  5623.6    9 00 35   20 18  21 28   6 20  7 30    6 28  15 21    6 23  18 54     3  21 35.9 - 9 31
Thu Mar 03/Fri Mar 04  5624.6    9 04 32   20 17  21 27   6 20  7 30    6 31  15 26   .....  19 27     1  22 19.9 - 4 58
Fri Mar 04/Sat Mar 05  5625.6    9 08 28   20 16  21 26   6 21  7 31    6 34  15 31   .....  19 59     0  23 03.0 - 0 15
Sat Mar 05/Sun Mar 06  5626.6    9 12 25   20 15  21 25   6 22  7 31    6 37  15 35   .....  20 30     2  23 45.9   4 28
Sun Mar 06/Mon Mar 07  5627.6    9 16 22   20 14  21 24   6 22  7 32    6 39  15 40   .....  21 02     5   0 29.3   9 03
Mon Mar 07/Tue Mar 08  5628.6    9 20 18   20 13  21 22   6 23  7 32    6 42  15 44   .....  21 36     9   1 13.8  13 19
Tue Mar 08/Wed Mar 09  5629.6    9 24 15   20 12  21 21   6 23  7 33    6 45  15 49   .....  22 12    15   2 00.1  17 08
Wed Mar 09/Thu Mar 10  5630.6    9 28 11   20 11  21 20   6 24  7 33    6 48  15 53   .....  22 51    23   2 48.7  20 19
Thu Mar 10/Fri Mar 11  5631.6    9 32 08   20 10  21 19   6 25  7 34    6 51  15 58   .....  23 35    31   3 39.9  22 41
Fri Mar 11/Sat Mar 12  5632.6    9 36 04   20 09  21 18   6 25  7 34    6 54  16 02   .....   0 23    41   4 33.6  24 03
Sat Mar 12/Sun Mar 13* 5633.6    9 40 01   20 08  21 17   5 26  6 35    6 57  16 07   .....   1 17    51   5 29.5  24 14
Sun Mar 13/Mon Mar 14  5634.7   10 44 07   19 07  20 16   5 26  6 35    7 00  16 11   .....   1 15    62   6 28.7  22 59
Mon Mar 14/Tue Mar 15  5635.7   10 48 04   19 06  20 15   5 27  6 36    7 02  16 16   .....   2 16    72   7 26.5  20 29
Tue Mar 15/Wed Mar 16  5636.7   10 52 00   19 05  20 14   5 27  6 36    7 05  16 20   .....   3 19    82   8 24.1  16 43
Wed Mar 16/Thu Mar 17  5637.7   10 55 57   19 04  20 13   5 28  6 37    7 08  16 25   .....   4 24    90   9 21.3  11 50
Thu Mar 17/Fri Mar 18  5638.7   10 59 53   19 03  20 12   5 28  6 37    7 11  16 29   17 11   5 29    96  10 18.0   6 07
Fri Mar 18/Sat Mar 19  5639.7   11 03 50   19 02  20 11   5 29  6 37    7 14  16 34   17 53   6 35    99  11 14.6 - 0 04
Sat Mar 19/Sun Mar 20  5640.7   11 07 47   19 01  20 10   5 29  6 38    7 17  16 38   18 35  .....   100  12 11.8 - 6 15
Sun Mar 20/Mon Mar 21  5641.7   11 11 43   19 00  20 08   5 30  6 38    7 20  16 42   19 19  .....    97  13 10.1 -12 00
Mon Mar 21/Tue Mar 22  5642.7   11 15 40   18 59  20 07   5 30  6 39    7 22  16 47   20 05  .....    91  14 09.6 -16 51
Tue Mar 22/Wed Mar 23  5643.7   11 19 36   18 58  20 06   5 31  6 39    7 25  16 51   20 54  .....    83  15 10.2 -20 29
Wed Mar 23/Thu Mar 24  5644.7   11 23 33   18 57  20 05   5 31  6 40    7 28  16 56   21 47  .....    74  16 11.0 -22 40
Thu Mar 24/Fri Mar 25  5645.7   11 27 29   18 56  20 04   5 32  6 40    7 31  17 00   22 43  .....    63  17 10.9 -23 23
Fri Mar 25/Sat Mar 26  5646.7   11 31 26   18 55  20 03   5 32  6 40    7 34  17 04   23 40  .....    53  18 08.5 -22 41
Sat Mar 26/Sun Mar 27  5647.7   11 35 22   18 54  20 02   5 32  6 41    7 37  17 09    0 37  .....    43  19 03.2 -20 48
Sun Mar 27/Mon Mar 28  5648.7   11 39 19   18 53  20 01   5 33  6 41    7 40  17 13    1 33  .....    33  19 54.7 -17 57
Mon Mar 28/Tue Mar 29  5649.7   11 43 16   18 52  20 00   5 33  6 42    7 43  17 17    2 28  .....    24  20 43.1 -14 22
Tue Mar 29/Wed Mar 30  5650.7   11 47 12   18 51  19 59   5 34  6 42    7 46  17 22    3 20  .....    17  21 29.1 -10 16
Wed Mar 30/Thu Mar 31  5651.7   11 51 09   18 50  19 58   5 34  6 43    7 49  17 26    4 11  .....    10  22 13.3 - 5 49
Thu Mar 31/Fri Apr 01  5652.7   11 55 05   18 49  19 57   5 35  6 43    7 51  17 31    5 01  17 01     5  22 56.4 - 1 11
