  Date (eve/morn)      JDmid    LMSTmidn   ---------- Sun: ---------   LST twilight:  ------------- Moon: --------------
  (2014 at start)    (-2450000)            set  twi.end twi.beg rise    eve    morn    rise   set  %illum   RA      Dec
Sat Mar 01/Sun Mar 02  6718.6    8 57 43   20 18  21 29   6 19  7 30    6 26  15 18   .....  20 30     1  23 24.8   0 12
Sun Mar 02/Mon Mar 03  6719.6    9 01 40   20 17  21 27   6 20  7 30    6 29  15 23   .....  21 14     4   0 19.0   4 51
Mon Mar 03/Tue Mar 04  6720.6    9 05 37   20 17  21 26   6 21  7 31    6 32  15 27   .....  21 57    10   1 12.5   9 09
Tue Mar 04/Wed Mar 05  6721.6    9 09 33   20 16  21 25   6 21  7 31    6 34  15 32   .....  22 41    17   2 05.6  12 52
Wed Mar 05/Thu Mar 06  6722.6    9 13 30   20 15  21 24   6 22  7 32    6 37  15 36   .....  23 25    26   2 58.4  15 51
Thu Mar 06/Fri Mar 07  6723.6    9 17 26   20 14  21 23   6 22  7 32    6 40  15 41   .....   0 11    35   3 50.9  17 59
Fri Mar 07/Sat Mar 08  6724.6    9 21 23   20 13  21 22   6 23  7 33    6 43  15 46   .....   0 58    45   4 43.1  19 14
Sat Mar 08/Sun Mar 09* 6725.6    9 25 19   20 12  21 21   5 24  6 33    6 46  15 50   .....   1 47    55   5 34.8  19 35
Sun Mar 09/Mon Mar 10  6726.7   10 29 26   19 11  20 20   5 24  6 34    6 49  15 55   .....   1 36    65   6 27.2  18 56
Mon Mar 10/Tue Mar 11  6727.7   10 33 22   19 10  20 19   5 25  6 34    6 52  15 59   .....   2 26    73   7 17.0  17 34
Tue Mar 11/Wed Mar 12  6728.7   10 37 19   19 09  20 18   5 25  6 34    6 55  16 04   .....   3 16    81   8 05.8  15 26
Wed Mar 12/Thu Mar 13  6729.7   10 41 15   19 08  20 17   5 26  6 35    6 57  16 08   .....   4 07    88   8 53.8  12 40
Thu Mar 13/Fri Mar 14  6730.7   10 45 12   19 07  20 16   5 26  6 35    7 00  16 12   16 56   4 58    94   9 41.2   9 21
Fri Mar 14/Sat Mar 15  6731.7   10 49 09   19 06  20 15   5 27  6 36    7 03  16 17   17 33   5 49    98  10 28.3   5 38
Sat Mar 15/Sun Mar 16  6732.7   10 53 05   19 05  20 14   5 27  6 36    7 06  16 21   18 09   6 41   100  11 15.6   1 38
Sun Mar 16/Mon Mar 17  6733.7   10 57 02   19 04  20 12   5 28  6 37    7 09  16 26   18 45  .....   100  12 03.4 - 2 29
Mon Mar 17/Tue Mar 18  6734.7   11 00 58   19 03  20 11   5 28  6 37    7 12  16 30   19 23  .....    98  12 52.4 - 6 32
Tue Mar 18/Wed Mar 19  6735.7   11 04 55   19 02  20 10   5 29  6 38    7 15  16 35   20 03  .....    94  13 42.9 -10 19
Wed Mar 19/Thu Mar 20  6736.7   11 08 51   19 01  20 09   5 29  6 38    7 17  16 39   20 45  .....    88  14 35.4 -13 37
Thu Mar 20/Fri Mar 21  6737.7   11 12 48   19 00  20 08   5 30  6 38    7 20  16 44   21 31  .....    80  15 30.0 -16 14
Fri Mar 21/Sat Mar 22  6738.7   11 16 44   18 59  20 07   5 30  6 39    7 23  16 48   22 21  .....    70  16 26.5 -17 56
Sat Mar 22/Sun Mar 23  6739.7   11 20 41   18 58  20 06   5 31  6 39    7 26  16 52   23 15  .....    59  17 24.5 -18 36
Sun Mar 23/Mon Mar 24  6740.7   11 24 38   18 57  20 05   5 31  6 40    7 29  16 57    0 13  .....    48  18 23.2 -18 07
Mon Mar 24/Tue Mar 25  6741.7   11 28 34   18 56  20 04   5 32  6 40    7 32  17 01    1 14  .....    37  19 21.9 -16 29
Tue Mar 25/Wed Mar 26  6742.7   11 32 31   18 55  20 03   5 32  6 41    7 35  17 06    2 17  .....    26  20 19.9 -13 49
Wed Mar 26/Thu Mar 27  6743.7   11 36 27   18 54  20 02   5 33  6 41    7 38  17 10    3 20  .....    17  21 16.7 -10 15
Thu Mar 27/Fri Mar 28  6744.7   11 40 24   18 53  20 01   5 33  6 41    7 41  17 14    4 23  16 36     9  22 12.3 - 6 05
Fri Mar 28/Sat Mar 29  6745.7   11 44 20   18 52  20 00   5 33  6 42    7 44  17 19    5 25  17 20     3  23 06.8 - 1 32
Sat Mar 29/Sun Mar 30  6746.7   11 48 17   18 51  19 59   5 34  6 42    7 46  17 23    6 27  18 04     1   0 00.6   3 04
Sun Mar 30/Mon Mar 31  6747.7   11 52 13   18 49  19 58   5 34  6 43    7 49  17 27   .....  18 47     0   0 53.9   7 27
Mon Mar 31/Tue Apr 01  6748.7   11 56 10   18 48  19 57   5 35  6 43    7 52  17 32   .....  19 31     2   1 47.2  11 22
