  Date (eve/morn)      JDmid    LMSTmidn   ---------- Sun: ---------   LST twilight:  ------------- Moon: --------------
  (2014 at start)    (-2450000)            set  twi.end twi.beg rise    eve    morn    rise   set  %illum   RA      Dec
Sat Feb 01/Sun Feb 02  6690.6    7 07 20   20 39  21 54   5 57  7 12    5 01  13 05   .....  21 57     7  22 53.8 - 2 17
Sun Feb 02/Mon Feb 03  6691.6    7 11 16   20 38  21 53   5 58  7 13    5 04  13 10   .....  22 41    14  23 48.1   2 27
Mon Feb 03/Tue Feb 04  6692.6    7 15 13   20 38  21 52   5 59  7 13    5 07  13 15   .....  23 23    23   0 41.1   6 57
Tue Feb 04/Wed Feb 05  6693.6    7 19 10   20 37  21 52   6 00  7 14    5 10  13 20   .....   0 05    32   1 33.3  10 59
Wed Feb 05/Thu Feb 06  6694.6    7 23 06   20 37  21 51   6 01  7 15    5 14  13 25   .....   0 48    43   2 25.1  14 23
Thu Feb 06/Fri Feb 07  6695.6    7 27 03   20 36  21 50   6 02  7 16    5 17  13 30   .....   1 31    53   3 16.7  17 01
Fri Feb 07/Sat Feb 08  6696.6    7 30 59   20 36  21 49   6 02  7 16    5 20  13 34   .....   2 17    62   4 08.3  18 50
Sat Feb 08/Sun Feb 09  6697.6    7 34 56   20 35  21 48   6 03  7 17    5 23  13 39   .....   3 04    72   4 59.8  19 46
Sun Feb 09/Mon Feb 10  6698.6    7 38 52   20 34  21 48   6 04  7 18    5 26  13 44   .....   3 52    80   5 51.0  19 48
Mon Feb 10/Tue Feb 11  6699.6    7 42 49   20 34  21 47   6 05  7 18    5 29  13 49   17 15   4 41    87   6 41.6  18 59
Tue Feb 11/Wed Feb 12  6700.6    7 46 45   20 33  21 46   6 06  7 19    5 32  13 54   17 59   5 32    93   7 31.4  17 20
Wed Feb 12/Thu Feb 13  6701.6    7 50 42   20 32  21 45   6 07  7 20    5 35  13 58   18 40   6 22    97   8 20.2  14 59
Thu Feb 13/Fri Feb 14  6702.6    7 54 39   20 32  21 44   6 08  7 20    5 38  14 03   19 19  .....    99   9 08.1  12 00
Fri Feb 14/Sat Feb 15  6703.6    7 58 35   20 31  21 43   6 08  7 21    5 42  14 08   19 57  .....   100   9 55.2   8 31
Sat Feb 15/Sun Feb 16  6704.6    8 02 32   20 30  21 42   6 09  7 22    5 45  14 13   20 33  .....    99  10 41.9   4 41
Sun Feb 16/Mon Feb 17  6705.6    8 06 28   20 29  21 41   6 10  7 22    5 48  14 18   21 09  .....    96  11 28.6   0 39
Mon Feb 17/Tue Feb 18  6706.6    8 10 25   20 29  21 41   6 11  7 23    5 51  14 22   21 45  .....    91  12 15.8 - 3 26
Tue Feb 18/Wed Feb 19  6707.6    8 14 21   20 28  21 40   6 12  7 23    5 54  14 27   22 23  .....    84  13 04.1 - 7 23
Wed Feb 19/Thu Feb 20  6708.6    8 18 18   20 27  21 39   6 12  7 24    5 57  14 32   23 02  .....    76  13 54.0 -11 01
Thu Feb 20/Fri Feb 21  6709.6    8 22 14   20 26  21 38   6 13  7 25    6 00  14 36   23 45  .....    66  14 45.9 -14 10
Fri Feb 21/Sat Feb 22  6710.6    8 26 11   20 25  21 37   6 14  7 25    6 02  14 41    0 32  .....    56  15 40.2 -16 36
Sat Feb 22/Sun Feb 23  6711.6    8 30 08   20 25  21 36   6 15  7 26    6 05  14 46    1 24  .....    45  16 36.9 -18 08
Sun Feb 23/Mon Feb 24  6712.6    8 34 04   20 24  21 35   6 15  7 26    6 08  14 50    2 21  .....    34  17 35.5 -18 35
Mon Feb 24/Tue Feb 25  6713.6    8 38 01   20 23  21 34   6 16  7 27    6 11  14 55    3 21  .....    24  18 35.2 -17 50
Tue Feb 25/Wed Feb 26  6714.6    8 41 57   20 22  21 33   6 17  7 27    6 14  15 00    4 26  17 16    14  19 35.3 -15 54
Wed Feb 26/Thu Feb 27  6715.6    8 45 54   20 21  21 32   6 17  7 28    6 17  15 04    5 31  18 09     7  20 34.6 -12 53
Thu Feb 27/Fri Feb 28  6716.6    8 49 50   20 20  21 31   6 18  7 28    6 20  15 09    6 37  18 58     2  21 32.8 - 8 59
Fri Feb 28/Sat Mar 01  6717.6    8 53 47   20 19  21 30   6 19  7 29    6 23  15 14   .....  19 45     0  22 29.5 - 4 31
