  Date (eve/morn)      JDmid    LMSTmidn   ---------- Sun: ---------   LST twilight:  ------------- Moon: --------------
  (2012 at start)    (-2450000)            set  twi.end twi.beg rise    eve    morn    rise   set  %illum   RA      Dec
Wed Feb 01/Thu Feb 02  5959.6    7 05 18   20 39  21 54   5 57  7 12    4 59  13 03   .....   2 32    68   4 04.3  22 15
Thu Feb 02/Fri Feb 03  5960.6    7 09 14   20 39  21 53   5 57  7 12    5 02  13 08   .....   3 21    76   4 57.3  23 01
Fri Feb 03/Sat Feb 04  5961.6    7 13 11   20 38  21 53   5 58  7 13    5 06  13 13   .....   4 14    84   5 51.8  22 41
Sat Feb 04/Sun Feb 05  5962.6    7 17 08   20 38  21 52   5 59  7 14    5 09  13 17   17 51   5 10    91   6 47.0  21 12
Sun Feb 05/Mon Feb 06  5963.6    7 21 04   20 37  21 51   6 00  7 14    5 12  13 22   18 38   6 08    96   7 42.3  18 35
Mon Feb 06/Tue Feb 07  5964.6    7 25 01   20 36  21 50   6 01  7 15    5 15  13 27   19 23  .....    99   8 37.1  14 55
Tue Feb 07/Wed Feb 08  5965.6    7 28 57   20 36  21 50   6 02  7 16    5 18  13 32   20 05  .....   100   9 31.1  10 24
Wed Feb 08/Thu Feb 09  5966.6    7 32 54   20 35  21 49   6 03  7 17    5 21  13 37   20 46  .....    98  10 24.6   5 16
Thu Feb 09/Fri Feb 10  5967.6    7 36 50   20 35  21 48   6 04  7 17    5 25  13 42   21 26  .....    93  11 17.9 - 0 10
Fri Feb 10/Sat Feb 11  5968.6    7 40 47   20 34  21 47   6 05  7 18    5 28  13 46   22 07  .....    86  12 11.6 - 5 35
Sat Feb 11/Sun Feb 12  5969.6    7 44 43   20 33  21 46   6 06  7 19    5 31  13 51   22 49  .....    78  13 06.2 -10 38
Sun Feb 12/Mon Feb 13  5970.6    7 48 40   20 33  21 46   6 06  7 19    5 34  13 56   23 33  .....    67  14 02.3 -15 02
Mon Feb 13/Tue Feb 14  5971.6    7 52 37   20 32  21 45   6 07  7 20    5 37  14 01    0 21  .....    56  14 59.9 -18 28
Tue Feb 14/Wed Feb 15  5972.6    7 56 33   20 31  21 44   6 08  7 21    5 40  14 06    1 13  .....    45  15 58.8 -20 43
Wed Feb 15/Thu Feb 16  5973.6    8 00 30   20 31  21 43   6 09  7 21    5 43  14 10    2 09  .....    34  16 58.2 -21 40
Thu Feb 16/Fri Feb 17  5974.6    8 04 26   20 30  21 42   6 10  7 22    5 46  14 15    3 08  .....    24  17 57.0 -21 15
Fri Feb 17/Sat Feb 18  5975.6    8 08 23   20 29  21 41   6 10  7 22    5 49  14 20    4 08  17 17    15  18 54.1 -19 36
Sat Feb 18/Sun Feb 19  5976.6    8 12 19   20 28  21 40   6 11  7 23    5 52  14 25    5 08  18 06     9  19 49.0 -16 52
Sun Feb 19/Mon Feb 20  5977.6    8 16 16   20 27  21 39   6 12  7 24    5 55  14 29    6 06  18 50     4  20 41.2 -13 17
Mon Feb 20/Tue Feb 21  5978.6    8 20 12   20 27  21 38   6 13  7 24    5 58  14 34   .....  19 29     1  21 30.9 - 9 06
Tue Feb 21/Wed Feb 22  5979.6    8 24 09   20 26  21 37   6 13  7 25    6 01  14 39   .....  20 06     0  22 18.6 - 4 35
Wed Feb 22/Thu Feb 23  5980.6    8 28 06   20 25  21 36   6 14  7 25    6 04  14 43   .....  20 42     2  23 04.9   0 05
Thu Feb 23/Fri Feb 24  5981.6    8 32 02   20 24  21 35   6 15  7 26    6 07  14 48   .....  21 16     5  23 50.3   4 41
Fri Feb 24/Sat Feb 25  5982.6    8 35 59   20 23  21 34   6 16  7 27    6 10  14 53   .....  21 50    10   0 35.7   9 04
Sat Feb 25/Sun Feb 26  5983.6    8 39 55   20 22  21 33   6 16  7 27    6 13  14 57   .....  22 26    16   1 21.4  13 03
Sun Feb 26/Mon Feb 27  5984.6    8 43 52   20 22  21 32   6 17  7 28    6 16  15 02   .....  23 03    23   2 08.2  16 31
Mon Feb 27/Tue Feb 28  5985.6    8 47 48   20 21  21 31   6 18  7 28    6 19  15 07   .....  23 43    32   2 56.4  19 20
Tue Feb 28/Wed Feb 29  5986.6    8 51 45   20 20  21 30   6 18  7 29    6 21  15 11   .....   0 26    41   3 46.1  21 21
Wed Feb 29/Thu Mar 01  5987.6    8 55 41   20 19  21 29   6 19  7 29    6 24  15 16   .....   1 12    50   4 37.5  22 29
