  Date (eve/morn)      JDmid    LMSTmidn   ---------- Sun: ---------   LST twilight:  ------------- Moon: --------------
  (2014 at start)    (-2450000)            set  twi.end twi.beg rise    eve    morn    rise   set  %illum   RA      Dec
Thu May 01/Fri May 02  6779.7   13 58 23   18 21  19 31   5 46  6 56    9 29  19 46   .....  20 29     9   5 00.3  19 01
Fri May 02/Sat May 03  6780.7   14 02 20   18 21  19 31   5 47  6 57    9 32  19 50   .....  21 19    15   5 52.2  19 04
Sat May 03/Sun May 04  6781.7   14 06 16   18 20  19 30   5 47  6 57    9 36  19 54   .....  22 09    23   6 43.1  18 14
Sun May 04/Mon May 05  6782.7   14 10 13   18 19  19 29   5 47  6 58    9 39  19 59   .....  23 00    31   7 32.6  16 37
Mon May 05/Tue May 06  6783.7   14 14 09   18 19  19 29   5 48  6 58    9 42  20 03   .....  23 51    40   8 20.8  14 19
Tue May 06/Wed May 07  6784.7   14 18 06   18 18  19 28   5 48  6 59    9 46  20 07   .....   0 41    50   9 07.9  11 25
Wed May 07/Thu May 08  6785.7   14 22 03   18 17  19 28   5 49  6 59    9 49  20 12   .....   1 31    59   9 54.3   8 03
Thu May 08/Fri May 09  6786.7   14 25 59   18 17  19 27   5 49  7 00    9 53  20 16   .....   2 22    68  10 40.6   4 19
Fri May 09/Sat May 10  6787.7   14 29 56   18 16  19 27   5 49  7 00    9 56  20 20   .....   3 14    77  11 27.4   0 20
Sat May 10/Sun May 11  6788.7   14 33 52   18 16  19 26   5 50  7 01   10 00  20 25   .....   4 07    85  12 15.4 - 3 45
Sun May 11/Mon May 12  6789.7   14 37 49   18 15  19 26   5 50  7 01   10 03  20 29   .....   5 02    92  13 05.2 - 7 47
Mon May 12/Tue May 13  6790.7   14 41 45   18 15  19 26   5 50  7 01   10 07  20 33   16 35   5 59    97  13 57.5 -11 32
Tue May 13/Wed May 14  6791.7   14 45 42   18 14  19 25   5 51  7 02   10 10  20 38   17 19   6 59    99  14 52.6 -14 45
Wed May 14/Thu May 15  6792.7   14 49 38   18 14  19 25   5 51  7 02   10 14  20 42   18 08  .....   100  15 50.5 -17 11
Thu May 15/Fri May 16  6793.7   14 53 35   18 13  19 24   5 52  7 03   10 17  20 46   19 01  .....    97  16 50.7 -18 34
Fri May 16/Sat May 17  6794.7   14 57 32   18 13  19 24   5 52  7 03   10 21  20 50   19 59  .....    92  17 52.0 -18 45
Sat May 17/Sun May 18  6795.7   15 01 28   18 12  19 24   5 52  7 04   10 25  20 55   21 00  .....    85  18 53.2 -17 40
Sun May 18/Mon May 19  6796.7   15 05 25   18 12  19 23   5 53  7 04   10 28  20 59   22 03  .....    75  19 53.2 -15 26
Mon May 19/Tue May 20  6797.7   15 09 21   18 12  19 23   5 53  7 05   10 32  21 03   23 05  .....    65  20 51.1 -12 14
Tue May 20/Wed May 21  6798.7   15 13 18   18 11  19 23   5 54  7 05   10 35  21 08    0 07  .....    53  21 46.8 - 8 21
Wed May 21/Thu May 22  6799.7   15 17 14   18 11  19 23   5 54  7 06   10 39  21 12    1 08  .....    42  22 40.6 - 4 03
Thu May 22/Fri May 23  6800.7   15 21 11   18 11  19 22   5 54  7 06   10 43  21 16    2 07  .....    31  23 33.0   0 24
Fri May 23/Sat May 24  6801.7   15 25 07   18 10  19 22   5 55  7 07   10 47  21 21    3 06  .....    22   0 24.5   4 47
Sat May 24/Sun May 25  6802.7   15 29 04   18 10  19 22   5 55  7 07   10 50  21 25    4 03  .....    13   1 15.9   8 52
Sun May 25/Mon May 26  6803.7   15 33 00   18 10  19 22   5 55  7 08   10 54  21 29    5 01  16 03     7   2 07.5  12 27
Mon May 26/Tue May 27  6804.7   15 36 57   18 09  19 22   5 56  7 08   10 58  21 34    5 57  16 47     3   2 59.5  15 23
Tue May 27/Wed May 28  6805.7   15 40 54   18 09  19 22   5 56  7 09   11 02  21 38    6 52  17 33     0   3 51.8  17 31
Wed May 28/Thu May 29  6806.7   15 44 50   18 09  19 21   5 57  7 09   11 05  21 42    7 45  18 21     0   4 44.2  18 47
Thu May 29/Fri May 30  6807.7   15 48 47   18 09  19 21   5 57  7 09   11 09  21 47   .....  19 10     2   5 36.2  19 08
Fri May 30/Sat May 31  6808.7   15 52 43   18 09  19 21   5 57  7 10   11 13  21 51   .....  20 01     6   6 27.4  18 36
Sat May 31/Sun Jun 01  6809.7   15 56 40   18 09  19 21   5 58  7 10   11 17  21 55   .....  20 52    11   7 17.3  17 14
