  Date (eve/morn)      JDmid    LMSTmidn   ---------- Sun: ---------   LST twilight:  ------------- Moon: --------------
  (2016 at start)    (-2450000)            set  twi.end twi.beg rise    eve    morn    rise   set  %illum   RA      Dec
Fri Apr 01/Sat Apr 02  7480.7   12 02 08   18 47  19 55   5 35  6 44    7 57  17 38    1 35  .....    34  20 13.6 -15 24
Sat Apr 02/Sun Apr 03  7481.7   12 06 05   18 46  19 54   5 36  6 44    8 00  17 43    2 34  .....    24  21 08.3 -12 48
Sun Apr 03/Mon Apr 04  7482.7   12 10 02   18 45  19 53   5 36  6 44    8 03  17 47    3 35  .....    15  22 03.4 - 9 24
Mon Apr 04/Tue Apr 05  7483.7   12 13 58   18 44  19 52   5 36  6 45    8 06  17 51    4 38  16 48     8  22 58.9 - 5 19
Tue Apr 05/Wed Apr 06  7484.7   12 17 55   18 43  19 51   5 37  6 45    8 09  17 56    5 43  17 33     3  23 55.0 - 0 48
Wed Apr 06/Thu Apr 07  7485.7   12 21 51   18 42  19 50   5 37  6 46    8 12  18 00    6 48  18 20     0   0 51.8   3 51
Thu Apr 07/Fri Apr 08  7486.7   12 25 48   18 41  19 49   5 38  6 46    8 15  18 04   .....  19 07     1   1 49.6   8 20
Fri Apr 08/Sat Apr 09  7487.7   12 29 44   18 40  19 49   5 38  6 47    8 18  18 09   .....  19 57     4   2 48.3  12 17
Sat Apr 09/Sun Apr 10  7488.7   12 33 41   18 39  19 48   5 38  6 47    8 21  18 13   .....  20 48    10   3 47.7  15 25
Sun Apr 10/Mon Apr 11  7489.7   12 37 37   18 38  19 47   5 39  6 47    8 24  18 17   .....  21 42    19   4 47.4  17 33
Mon Apr 11/Tue Apr 12  7490.7   12 41 34   18 37  19 46   5 39  6 48    8 27  18 22   .....  22 38    28   5 46.4  18 33
Tue Apr 12/Wed Apr 13  7491.7   12 45 31   18 36  19 45   5 39  6 48    8 30  18 26   .....  23 34    39   6 44.0  18 26
Wed Apr 13/Thu Apr 14  7492.7   12 49 27   18 35  19 44   5 40  6 49    8 33  18 30   .....   0 30    49   7 39.5  17 20
Thu Apr 14/Fri Apr 15  7493.7   12 53 24   18 35  19 43   5 40  6 49    8 36  18 35   .....   1 25    60   8 32.7  15 21
Fri Apr 15/Sat Apr 16  7494.7   12 57 20   18 34  19 42   5 41  6 49    8 39  18 39   .....   2 18    69   9 23.7  12 42
Sat Apr 16/Sun Apr 17  7495.7   13 01 17   18 33  19 42   5 41  6 50    8 42  18 43   .....   3 10    78  10 12.6   9 31
Sun Apr 17/Mon Apr 18  7496.7   13 05 13   18 32  19 41   5 41  6 50    8 45  18 47   .....   4 01    86  10 59.9   6 00
Mon Apr 18/Tue Apr 19  7497.7   13 09 10   18 31  19 40   5 42  6 51    8 48  18 52   16 24   4 51    92  11 46.1   2 16
Tue Apr 19/Wed Apr 20  7498.7   13 13 06   18 30  19 39   5 42  6 51    8 52  18 56   16 59   5 41    96  12 31.9 - 1 31
Wed Apr 20/Thu Apr 21  7499.7   13 17 03   18 29  19 38   5 42  6 52    8 55  19 00   17 34   6 31    99  13 17.7 - 5 13
Thu Apr 21/Fri Apr 22  7500.7   13 21 00   18 28  19 38   5 43  6 52    8 58  19 05   18 10   7 21   100  14 04.0 - 8 42
Fri Apr 22/Sat Apr 23  7501.7   13 24 56   18 28  19 37   5 43  6 52    9 01  19 09   18 47  .....    99  14 51.2 -11 50
Sat Apr 23/Sun Apr 24  7502.7   13 28 53   18 27  19 36   5 44  6 53    9 04  19 13   19 27  .....    96  15 39.6 -14 27
Sun Apr 24/Mon Apr 25  7503.7   13 32 49   18 26  19 35   5 44  6 53    9 08  19 18   20 08  .....    92  16 29.2 -16 27
Mon Apr 25/Tue Apr 26  7504.7   13 36 46   18 25  19 35   5 44  6 54    9 11  19 22   20 53  .....    86  17 20.2 -17 42
Tue Apr 26/Wed Apr 27  7505.7   13 40 42   18 25  19 34   5 45  6 54    9 14  19 26   21 41  .....    78  18 12.2 -18 07
Wed Apr 27/Thu Apr 28  7506.7   13 44 39   18 24  19 33   5 45  6 55    9 17  19 31   22 32  .....    69  19 04.9 -17 39
Thu Apr 28/Fri Apr 29  7507.7   13 48 35   18 23  19 33   5 45  6 55    9 21  19 35   23 26  .....    59  19 58.2 -16 15
Fri Apr 29/Sat Apr 30  7508.7   13 52 32   18 22  19 32   5 46  6 56    9 24  19 39    0 22  .....    49  20 51.6 -13 59
Sat Apr 30/Sun May 01  7509.7   13 56 29   18 22  19 31   5 46  6 56    9 27  19 44    1 21  .....    38  21 45.2 -10 53
