  Date (eve/morn)      JDmid    LMSTmidn   ---------- Sun: ---------   LST twilight:  ------------- Moon: --------------
  (2019 at start)    (-2450000)            set  twi.end twi.beg rise    eve    morn    rise   set  %illum   RA      Dec
Mon Apr 01/Tue Apr 02  8575.7   11 59 17   18 48  19 56   5 35  6 43    7 55  17 35    4 18  16 59     9  22 39.4 -11 47
Tue Apr 02/Wed Apr 03  8576.7   12 03 13   18 47  19 55   5 35  6 44    7 58  17 40    5 09  17 34     5  23 24.6 - 7 52
Wed Apr 03/Thu Apr 04  8577.7   12 07 10   18 46  19 54   5 36  6 44    8 01  17 44    6 00  18 08     1   0 09.3 - 3 36
Thu Apr 04/Fri Apr 05  8578.7   12 11 06   18 45  19 53   5 36  6 45    8 03  17 48    6 52  18 42     0   0 54.1   0 53
Fri Apr 05/Sat Apr 06  8579.7   12 15 03   18 44  19 52   5 37  6 45    8 06  17 53   .....  19 17     1   1 39.6   5 25
Sat Apr 06/Sun Apr 07  8580.7   12 18 59   18 43  19 51   5 37  6 45    8 09  17 57   .....  19 52     3   2 26.5   9 49
Sun Apr 07/Mon Apr 08  8581.7   12 22 56   18 42  19 50   5 37  6 46    8 12  18 01   .....  20 31     8   3 15.4  13 53
Mon Apr 08/Tue Apr 09  8582.7   12 26 52   18 41  19 49   5 38  6 46    8 15  18 06   .....  21 12    14   4 06.7  17 25
Tue Apr 09/Wed Apr 10  8583.7   12 30 49   18 40  19 48   5 38  6 47    8 18  18 10   .....  21 58    22   5 00.8  20 09
Wed Apr 10/Thu Apr 11  8584.7   12 34 46   18 39  19 47   5 38  6 47    8 21  18 14   .....  22 49    32   5 57.5  21 53
Thu Apr 11/Fri Apr 12  8585.7   12 38 42   18 38  19 47   5 39  6 47    8 25  18 18   .....  23 45    42   6 56.2  22 24
Fri Apr 12/Sat Apr 13  8586.7   12 42 39   18 37  19 46   5 39  6 48    8 28  18 23   .....   0 45    53   7 56.2  21 35
Sat Apr 13/Sun Apr 14  8587.7   12 46 35   18 36  19 45   5 40  6 48    8 31  18 27   .....   1 48    65   8 56.2  19 25
Sun Apr 14/Mon Apr 15  8588.7   12 50 32   18 35  19 44   5 40  6 49    8 34  18 31   .....   2 52    75   9 55.3  16 01
Mon Apr 15/Tue Apr 16  8589.7   12 54 28   18 34  19 43   5 40  6 49    8 37  18 36   .....   3 57    85  10 53.1  11 35
Tue Apr 16/Wed Apr 17  8590.7   12 58 25   18 33  19 42   5 41  6 50    8 40  18 40   16 44   5 01    92  11 49.5   6 26
Wed Apr 17/Thu Apr 18  8591.7   13 02 21   18 33  19 41   5 41  6 50    8 43  18 44   17 26   6 04    97  12 44.9   0 55
Thu Apr 18/Fri Apr 19  8592.7   13 06 18   18 32  19 41   5 41  6 50    8 46  18 49   18 07   7 06   100  13 39.7 - 4 36
Fri Apr 19/Sat Apr 20  8593.7   13 10 15   18 31  19 40   5 42  6 51    8 49  18 53   18 49  .....    99  14 34.5 - 9 45
Sat Apr 20/Sun Apr 21  8594.7   13 14 11   18 30  19 39   5 42  6 51    8 52  18 57   19 31  .....    96  15 29.5 -14 14
Sun Apr 21/Mon Apr 22  8595.7   13 18 08   18 29  19 38   5 43  6 52    8 56  19 02   20 16  .....    91  16 24.9 -17 47
Mon Apr 22/Tue Apr 23  8596.7   13 22 04   18 28  19 37   5 43  6 52    8 59  19 06   21 03  .....    83  17 20.3 -20 15
Tue Apr 23/Wed Apr 24  8597.7   13 26 01   18 27  19 37   5 43  6 53    9 02  19 10   21 52  .....    75  18 15.2 -21 35
Wed Apr 24/Thu Apr 25  8598.7   13 29 57   18 27  19 36   5 44  6 53    9 05  19 15   22 42  .....    66  19 09.1 -21 46
Thu Apr 25/Fri Apr 26  8599.7   13 33 54   18 26  19 35   5 44  6 53    9 08  19 19   23 34  .....    57  20 01.4 -20 53
Fri Apr 26/Sat Apr 27  8600.7   13 37 50   18 25  19 35   5 44  6 54    9 12  19 23    0 27  .....    47  20 51.7 -19 04
Sat Apr 27/Sun Apr 28  8601.7   13 41 47   18 24  19 34   5 45  6 54    9 15  19 27    1 19  .....    38  21 40.2 -16 26
Sun Apr 28/Mon Apr 29  8602.7   13 45 44   18 24  19 33   5 45  6 55    9 18  19 32    2 10  .....    29  22 26.9 -13 08
Mon Apr 29/Tue Apr 30  8603.7   13 49 40   18 23  19 33   5 45  6 55    9 21  19 36    3 02  .....    21  23 12.4 - 9 18
Tue Apr 30/Wed May 01  8604.7   13 53 37   18 22  19 32   5 46  6 56    9 25  19 40    3 53  .....    14  23 57.1 - 5 05
