  Date (eve/morn)      JDmid    LMSTmidn   ---------- Sun: ---------   LST twilight:  ------------- Moon: --------------
  (2021 at start)    (-2450000)            set  twi.end twi.beg rise    eve    morn    rise   set  %illum   RA      Dec
Sat May 01/Sun May 02  9336.7   13 59 35   18 21  19 31   5 46  6 56    9 30  19 47   22 33  .....    67  19 37.5 -24 47
Sun May 02/Mon May 03  9337.7   14 03 32   18 20  19 30   5 47  6 57    9 33  19 51   23 36  .....    56  20 36.7 -22 45
Mon May 03/Tue May 04  9338.7   14 07 28   18 20  19 30   5 47  6 57    9 37  19 56    0 37  .....    46  21 31.8 -19 31
Tue May 04/Wed May 05  9339.7   14 11 25   18 19  19 29   5 48  6 58    9 40  20 00    1 35  .....    35  22 22.7 -15 26
Wed May 05/Thu May 06  9340.7   14 15 21   18 18  19 29   5 48  6 58    9 43  20 04    2 30  .....    26  23 10.3 -10 47
Thu May 06/Fri May 07  9341.7   14 19 18   18 18  19 28   5 48  6 59    9 47  20 09    3 23  .....    18  23 55.3 - 5 47
Fri May 07/Sat May 08  9342.7   14 23 15   18 17  19 28   5 49  6 59    9 50  20 13    4 14  16 13    11   0 38.8 - 0 40
Sat May 08/Sun May 09  9343.7   14 27 11   18 17  19 27   5 49  7 00    9 54  20 17    5 04  16 44     6   1 21.6   4 26
Sun May 09/Mon May 10  9344.7   14 31 08   18 16  19 27   5 49  7 00    9 57  20 22    5 55  17 15     2   2 04.7   9 21
Mon May 10/Tue May 11  9345.7   14 35 04   18 16  19 26   5 50  7 01   10 01  20 26    6 46  17 47     0   2 48.6  13 55
Tue May 11/Wed May 12  9346.7   14 39 01   18 15  19 26   5 50  7 01   10 04  20 30    7 39  18 21     0   3 34.1  17 58
Wed May 12/Thu May 13  9347.7   14 42 57   18 15  19 25   5 51  7 02   10 08  20 35   .....  18 59     2   4 21.6  21 21
Thu May 13/Fri May 14  9348.7   14 46 54   18 14  19 25   5 51  7 02   10 11  20 39   .....  19 40     5   5 11.3  23 52
Fri May 14/Sat May 15  9349.7   14 50 50   18 14  19 25   5 51  7 03   10 15  20 43   .....  20 26    10   6 02.8  25 23
Sat May 15/Sun May 16  9350.7   14 54 47   18 13  19 24   5 52  7 03   10 18  20 47   .....  21 16    16   6 55.8  25 46
Sun May 16/Mon May 17  9351.7   14 58 44   18 13  19 24   5 52  7 04   10 22  20 52   .....  22 09    24   7 49.4  24 56
Mon May 17/Tue May 18  9352.7   15 02 40   18 12  19 24   5 53  7 04   10 26  20 56   .....  23 05    33   8 42.8  22 54
Tue May 18/Wed May 19  9353.7   15 06 37   18 12  19 23   5 53  7 05   10 29  21 00   .....   0 03    43   9 35.6  19 41
Wed May 19/Thu May 20  9354.7   15 10 33   18 11  19 23   5 53  7 05   10 33  21 05   .....   1 02    53  10 27.6  15 26
Thu May 20/Fri May 21  9355.7   15 14 30   18 11  19 23   5 54  7 05   10 37  21 09   .....   2 01    64  11 19.0  10 16
Fri May 21/Sat May 22  9356.7   15 18 26   18 11  19 23   5 54  7 06   10 40  21 13   .....   3 01    74  12 10.5   4 26
Sat May 22/Sun May 23  9357.7   15 22 23   18 10  19 22   5 54  7 06   10 44  21 18   .....   4 03    84  13 03.0 - 1 51
Sun May 23/Mon May 24  9358.7   15 26 19   18 10  19 22   5 55  7 07   10 48  21 22   .....   5 08    92  13 57.4 - 8 12
Mon May 24/Tue May 25  9359.7   15 30 16   18 10  19 22   5 55  7 07   10 51  21 26   16 39   6 16    97  14 54.9 -14 12
Tue May 25/Wed May 26  9360.7   15 34 13   18 10  19 22   5 56  7 08   10 55  21 31   17 24   7 27   100  15 56.0 -19 21
Wed May 26/Thu May 27  9361.7   15 38 09   18 09  19 22   5 56  7 08   10 59  21 35   18 16  .....    99  17 00.5 -23 09
Thu May 27/Fri May 28  9362.7   15 42 06   18 09  19 22   5 56  7 09   11 03  21 39   19 13  .....    95  18 06.8 -25 13
Fri May 28/Sat May 29  9363.7   15 46 02   18 09  19 21   5 57  7 09   11 07  21 44   20 16  .....    89  19 12.8 -25 24
Sat May 29/Sun May 30  9364.7   15 49 59   18 09  19 21   5 57  7 10   11 11  21 48   21 21  .....    81  20 15.9 -23 51
Sun May 30/Mon May 31  9365.7   15 53 55   18 09  19 21   5 57  7 10   11 14  21 52   22 25  .....    71  21 14.6 -20 53
Mon May 31/Tue Jun 01  9366.7   15 57 52   18 09  19 21   5 58  7 11   11 18  21 57   23 26  .....    61  22 08.6 -16 53
