  Date (eve/morn)      JDmid    LMSTmidn   ---------- Sun: ---------   LST twilight:  ------------- Moon: --------------
  (2012 at start)    (-2450000)            set  twi.end twi.beg rise    eve    morn    rise   set  %illum   RA      Dec
Mon Oct 01/Tue Oct 02  6202.7    0 03 31   18 49  19 58   5 04  6 13   20 01   5 08   20 05  .....    96   1 59.1  14 50
Tue Oct 02/Wed Oct 03  6203.7    0 07 27   18 49  19 58   5 03  6 12   20 05   5 11   20 57  .....    91   2 48.2  17 45
Wed Oct 03/Thu Oct 04  6204.7    0 11 24   18 49  19 59   5 01  6 11   20 10   5 14   21 49  .....    85   3 38.1  19 52
Thu Oct 04/Fri Oct 05  6205.7    0 15 20   18 50  19 59   5 00  6 10   20 14   5 17   22 40  .....    78   4 28.6  21 08
Fri Oct 05/Sat Oct 06  6206.7    0 19 17   18 50  20 00   4 59  6 09   20 18   5 19   23 29  .....    69   5 19.5  21 27
Sat Oct 06/Sun Oct 07  6207.7    0 23 13   18 51  20 00   4 58  6 08   20 23   5 22    0 16  .....    60   6 10.4  20 50
Sun Oct 07/Mon Oct 08  6208.7    0 27 10   18 51  20 01   4 57  6 07   20 27   5 25    1 01  .....    51   7 01.0  19 17
Mon Oct 08/Tue Oct 09  6209.7    0 31 07   18 52  20 01   4 56  6 06   20 32   5 28    1 44  .....    41   7 51.3  16 52
Tue Oct 09/Wed Oct 10  6210.7    0 35 03   18 52  20 02   4 55  6 05   20 36   5 31    2 25  .....    31   8 41.3  13 39
Wed Oct 10/Thu Oct 11  6211.7    0 39 00   18 52  20 03   4 54  6 04   20 41   5 34    3 05  .....    22   9 31.2   9 45
Thu Oct 11/Fri Oct 12  6212.7    0 42 56   18 53  20 03   4 53  6 03   20 45   5 36    3 45  .....    14  10 21.3   5 16
Fri Oct 12/Sat Oct 13  6213.7    0 46 53   18 53  20 04   4 52  6 02   20 50   5 39    4 25  .....     7  11 12.4   0 26
Sat Oct 13/Sun Oct 14* 6214.7    0 50 49   18 54  20 04   5 51  7 01   20 55   5 42    6 06  17 12     3  12 05.0 - 4 33
Sun Oct 14/Mon Oct 15  6215.6   23 54 36   19 54  21 05   5 49  7 00   20 59   5 45    6 51  19 15     0  12 56.4 - 9 10
Mon Oct 15/Tue Oct 16  6216.6   23 58 33   19 55  21 06   5 48  6 59   21 04   5 48   .....  20 20     1  13 53.6 -13 32
Tue Oct 16/Wed Oct 17  6217.6    0 02 29   19 55  21 06   5 47  6 58   21 08   5 51   .....  21 27     4  14 53.3 -17 04
Wed Oct 17/Thu Oct 18  6218.6    0 06 26   19 56  21 07   5 46  6 57   21 13   5 54   .....  22 34     9  15 55.0 -19 27
Thu Oct 18/Fri Oct 19  6219.6    0 10 22   19 56  21 08   5 45  6 56   21 17   5 57   .....  23 37    17  16 57.6 -20 28
Fri Oct 19/Sat Oct 20  6220.6    0 14 19   19 57  21 08   5 44  6 56   21 22   5 59   .....   0 37    27  17 59.5 -20 04
Sat Oct 20/Sun Oct 21  6221.6    0 18 15   19 57  21 09   5 43  6 55   21 27   6 02   .....   1 31    38  18 59.4 -18 21
Sun Oct 21/Mon Oct 22  6222.6    0 22 12   19 58  21 10   5 42  6 54   21 31   6 05   .....   2 19    49  19 56.5 -15 33
Mon Oct 22/Tue Oct 23  6223.6    0 26 09   19 58  21 10   5 41  6 53   21 36   6 08   .....   3 02    60  20 50.7 -11 55
Tue Oct 23/Wed Oct 24  6224.6    0 30 05   19 59  21 11   5 40  6 52   21 41   6 11   .....   3 42    70  21 42.1 - 7 44
Wed Oct 24/Thu Oct 25  6225.6    0 34 02   20 00  21 12   5 39  6 51   21 45   6 14   .....   4 19    79  22 31.6 - 3 14
Thu Oct 25/Fri Oct 26  6226.6    0 37 58   20 00  21 13   5 38  6 51   21 50   6 17   .....   4 55    87  23 19.6   1 21
Fri Oct 26/Sat Oct 27  6227.6    0 41 55   20 01  21 13   5 37  6 50   21 55   6 20   17 14   5 31    93   0 07.1   5 49
Sat Oct 27/Sun Oct 28  6228.6    0 45 51   20 01  21 14   5 36  6 49   21 59   6 23   18 07   6 07    97   0 54.6  10 00
Sun Oct 28/Mon Oct 29  6229.6    0 49 48   20 02  21 15   5 36  6 48   22 04   6 26   18 59   6 45   100   1 42.6  13 44
Mon Oct 29/Tue Oct 30  6230.6    0 53 44   20 03  21 16   5 35  6 48   22 09   6 29   19 51  .....   100   2 31.4  16 52
Tue Oct 30/Wed Oct 31  6231.6    0 57 41   20 03  21 16   5 34  6 47   22 14   6 32   20 43  .....    98   3 21.1  19 15
Wed Oct 31/Thu Nov 01  6232.6    1 01 38   20 04  21 17   5 33  6 46   22 18   6 35   21 34  .....    95   4 11.6  20 47
