  Date (eve/morn)      JDmid    LMSTmidn   ---------- Sun: ---------   LST twilight:  ------------- Moon: --------------
  (2013 at start)    (-2450000)            set  twi.end twi.beg rise    eve    morn    rise   set  %illum   RA      Dec
Mon Apr 01/Tue Apr 02  6384.7   12 01 04   18 47  19 56   5 35  6 44    7 56  17 37   23 07  .....    61  17 59.8 -19 35
Tue Apr 02/Wed Apr 03  6385.7   12 05 00   18 46  19 55   5 36  6 44    7 59  17 41    0 09  .....    49  18 59.3 -18 02
Wed Apr 03/Thu Apr 04  6386.7   12 08 57   18 45  19 54   5 36  6 44    8 02  17 46    1 10  .....    38  19 56.7 -15 24
Thu Apr 04/Fri Apr 05  6387.7   12 12 53   18 44  19 53   5 36  6 45    8 05  17 50    2 11  .....    28  20 51.5 -11 56
Fri Apr 05/Sat Apr 06  6388.7   12 16 50   18 43  19 52   5 37  6 45    8 08  17 54    3 10  .....    19  21 44.0 - 7 52
Sat Apr 06/Sun Apr 07  6389.7   12 20 47   18 42  19 51   5 37  6 46    8 11  17 59    4 08  .....    11  22 34.6 - 3 27
Sun Apr 07/Mon Apr 08  6390.7   12 24 43   18 41  19 50   5 37  6 46    8 14  18 03    5 04  16 53     5  23 23.9   1 03
Mon Apr 08/Tue Apr 09  6391.7   12 28 40   18 40  19 49   5 38  6 46    8 17  18 07    6 00  17 31     2   0 12.5   5 28
Tue Apr 09/Wed Apr 10  6392.7   12 32 36   18 39  19 48   5 38  6 47    8 20  18 12    6 54  18 09     0   1 01.0   9 33
Wed Apr 10/Thu Apr 11  6393.7   12 36 33   18 38  19 47   5 39  6 47    8 23  18 16   .....  18 49     1   1 49.7  13 11
Thu Apr 11/Fri Apr 12  6394.7   12 40 29   18 38  19 46   5 39  6 48    8 26  18 20   .....  19 29     3   2 38.8  16 11
Fri Apr 12/Sat Apr 13  6395.7   12 44 26   18 37  19 45   5 39  6 48    8 29  18 25   .....  20 12     7   3 28.5  18 26
Sat Apr 13/Sun Apr 14  6396.7   12 48 22   18 36  19 44   5 40  6 48    8 32  18 29   .....  20 57    13   4 18.7  19 52
Sun Apr 14/Mon Apr 15  6397.7   12 52 19   18 35  19 43   5 40  6 49    8 35  18 33   .....  21 44    20   5 08.9  20 25
Mon Apr 15/Tue Apr 16  6398.7   12 56 16   18 34  19 43   5 40  6 49    8 38  18 38   .....  22 33    28   5 59.1  20 05
Tue Apr 16/Wed Apr 17  6399.7   13 00 12   18 33  19 42   5 41  6 50    8 41  18 42   .....  23 23    36   6 48.8  18 53
Wed Apr 17/Thu Apr 18  6400.7   13 04 09   18 32  19 41   5 41  6 50    8 44  18 46   .....   0 14    46   7 38.1  16 51
Thu Apr 18/Fri Apr 19  6401.7   13 08 05   18 31  19 40   5 42  6 51    8 48  18 51   .....   1 06    55   8 26.9  14 04
Fri Apr 19/Sat Apr 20  6402.7   13 12 02   18 30  19 39   5 42  6 51    8 51  18 55   .....   1 59    65   9 15.5  10 37
Sat Apr 20/Sun Apr 21  6403.7   13 15 58   18 30  19 39   5 42  6 51    8 54  18 59   .....   2 53    75  10 04.3   6 37
Sun Apr 21/Mon Apr 22  6404.7   13 19 55   18 29  19 38   5 43  6 52    8 57  19 04   .....   3 48    83  10 54.0   2 11
Mon Apr 22/Tue Apr 23  6405.7   13 23 51   18 28  19 37   5 43  6 52    9 00  19 08   .....   4 46    91  11 45.0 - 2 30
Tue Apr 23/Wed Apr 24  6406.7   13 27 48   18 27  19 36   5 43  6 53    9 03  19 12   16 38   5 46    96  12 38.3 - 7 12
Wed Apr 24/Thu Apr 25  6407.7   13 31 45   18 26  19 36   5 44  6 53    9 07  19 16   17 21   6 48    99  13 34.2 -11 37
Thu Apr 25/Fri Apr 26  6408.7   13 35 41   18 25  19 35   5 44  6 54    9 10  19 21   18 09  .....   100  14 33.1 -15 24
Fri Apr 26/Sat Apr 27  6409.7   13 39 38   18 25  19 34   5 45  6 54    9 13  19 25   19 00  .....    97  15 34.7 -18 12
Sat Apr 27/Sun Apr 28  6410.7   13 43 34   18 24  19 34   5 45  6 55    9 16  19 29   19 57  .....    92  16 38.1 -19 44
Sun Apr 28/Mon Apr 29  6411.7   13 47 31   18 23  19 33   5 45  6 55    9 20  19 34   20 58  .....    84  17 41.6 -19 51
Mon Apr 29/Tue Apr 30  6412.7   13 51 27   18 22  19 32   5 46  6 55    9 23  19 38   22 01  .....    75  18 43.8 -18 36
Tue Apr 30/Wed May 01  6413.7   13 55 24   18 22  19 32   5 46  6 56    9 26  19 42   23 04  .....    64  19 43.3 -16 09
