  Date (eve/morn)      JDmid    LMSTmidn   ---------- Sun: ---------   LST twilight:  ------------- Moon: --------------
  (2022 at start)    (-2450000)            set  twi.end twi.beg rise    eve    morn    rise   set  %illum   RA      Dec
Fri Jul 01/Sat Jul 02  9762.7   17 59 08   18 13  19 26   6 05  7 19   13 24   0 06   .....  20 30     8   9 08.0  21 43
Sat Jul 02/Sun Jul 03  9763.7   18 03 04   18 13  19 26   6 06  7 19   13 28   0 10   .....  21 24    14   9 56.0  17 58
Sun Jul 03/Mon Jul 04  9764.7   18 07 01   18 13  19 26   6 06  7 19   13 33   0 14   .....  22 18    21  10 42.6  13 27
Mon Jul 04/Tue Jul 05  9765.7   18 10 58   18 14  19 27   6 06  7 19   13 37   0 18   .....  23 11    30  11 28.1   8 18
Tue Jul 05/Wed Jul 06  9766.7   18 14 54   18 14  19 27   6 06  7 19   13 41   0 21   .....   0 05    40  12 13.6   2 42
Wed Jul 06/Thu Jul 07  9767.7   18 18 51   18 14  19 27   6 06  7 18   13 45   0 25   .....   1 00    50  12 59.9 - 3 11
Thu Jul 07/Fri Jul 08  9768.7   18 22 47   18 15  19 28   6 06  7 18   13 50   0 29   .....   1 58    61  13 48.4 - 9 07
Fri Jul 08/Sat Jul 09  9769.7   18 26 44   18 15  19 28   6 06  7 18   13 54   0 33   .....   2 59    71  14 40.2 -14 49
Sat Jul 09/Sun Jul 10  9770.7   18 30 40   18 16  19 28   6 05  7 18   13 58   0 37   .....   4 05    81  15 36.7 -19 56
Sun Jul 10/Mon Jul 11  9771.7   18 34 37   18 16  19 29   6 05  7 18   14 03   0 41   .....   5 15    90  16 38.4 -23 58
Mon Jul 11/Tue Jul 12  9772.7   18 38 33   18 16  19 29   6 05  7 18   14 07   0 45   .....   6 25    96  17 45.0 -26 25
Tue Jul 12/Wed Jul 13  9773.7   18 42 30   18 17  19 29   6 05  7 18   14 11   0 49   16 51   7 32    99  18 54.2 -26 53
Wed Jul 13/Thu Jul 14  9774.7   18 46 26   18 17  19 30   6 05  7 18   14 15   0 53   18 01  .....   100  20 02.9 -25 15
Thu Jul 14/Fri Jul 15  9775.7   18 50 23   18 18  19 30   6 05  7 17   14 20   0 56   19 13  .....    97  21 08.1 -21 45
Fri Jul 15/Sat Jul 16  9776.7   18 54 20   18 18  19 30   6 05  7 17   14 24   1 00   20 22  .....    91  22 08.4 -16 52
Sat Jul 16/Sun Jul 17  9777.7   18 58 16   18 19  19 31   6 05  7 17   14 28   1 04   21 28  .....    83  23 03.6 -11 09
Sun Jul 17/Mon Jul 18  9778.7   19 02 13   18 19  19 31   6 04  7 17   14 33   1 08   22 29  .....    74  23 54.7 - 5 03
Mon Jul 18/Tue Jul 19  9779.7   19 06 09   18 19  19 31   6 04  7 16   14 37   1 11   23 27  .....    64   0 43.1   1 03
Tue Jul 19/Wed Jul 20  9780.7   19 10 06   18 20  19 32   6 04  7 16   14 41   1 15    0 22  .....    54   1 29.8   6 54
Wed Jul 20/Thu Jul 21  9781.7   19 14 02   18 20  19 32   6 04  7 16   14 45   1 19    1 17  .....    43   2 16.1  12 17
Thu Jul 21/Fri Jul 22  9782.7   19 17 59   18 21  19 33   6 03  7 15   14 50   1 22    2 11  .....    34   3 02.9  17 02
Fri Jul 22/Sat Jul 23  9783.7   19 21 55   18 21  19 33   6 03  7 15   14 54   1 26    3 06  .....    25   3 50.9  21 00
Sat Jul 23/Sun Jul 24  9784.7   19 25 52   18 22  19 33   6 03  7 14   14 58   1 30    4 00  .....    17   4 40.4  24 03
Sun Jul 24/Mon Jul 25  9785.7   19 29 49   18 22  19 34   6 03  7 14   15 03   1 33    4 54  .....    11   5 31.4  26 03
Mon Jul 25/Tue Jul 26  9786.7   19 33 45   18 22  19 34   6 02  7 14   15 07   1 37    5 46  .....     6   6 23.4  26 53
Tue Jul 26/Wed Jul 27  9787.7   19 37 42   18 23  19 34   6 02  7 13   15 11   1 41    6 35  16 37     2   7 15.6  26 32
Wed Jul 27/Thu Jul 28  9788.7   19 41 38   18 23  19 35   6 01  7 13   15 16   1 44    7 20  17 30     0   8 07.2  25 00
Thu Jul 28/Fri Jul 29  9789.7   19 45 35   18 24  19 35   6 01  7 12   15 20   1 48   .....  18 25     0   8 57.3  22 21
Fri Jul 29/Sat Jul 30  9790.7   19 49 31   18 24  19 35   6 01  7 12   15 24   1 51   .....  19 20     2   9 45.8  18 45
Sat Jul 30/Sun Jul 31  9791.7   19 53 28   18 25  19 36   6 00  7 11   15 28   1 55   .....  20 14     5  10 32.5  14 21
Sun Jul 31/Mon Aug 01  9792.7   19 57 24   18 25  19 36   6 00  7 11   15 33   1 58   .....  21 07    11  11 18.0   9 19
