  Date (eve/morn)      JDmid    LMSTmidn   ---------- Sun: ---------   LST twilight:  ------------- Moon: --------------
  (2015 at start)    (-2450000)            set  twi.end twi.beg rise    eve    morn    rise   set  %illum   RA      Dec
Thu Oct 01/Fri Oct 02  7297.7    0 00 39   18 48  19 57   5 05  6 14   19 57   5 06   22 35  .....    77   4 17.9  16 54
Fri Oct 02/Sat Oct 03  7298.7    0 04 35   18 49  19 58   5 03  6 13   20 02   5 09   23 33  .....    67   5 15.8  18 14
Sat Oct 03/Sun Oct 04  7299.7    0 08 32   18 49  19 58   5 02  6 12   20 06   5 12    0 28  .....    57   6 12.1  18 30
Sun Oct 04/Mon Oct 05  7300.7    0 12 29   18 49  19 59   5 01  6 11   20 11   5 14    1 19  .....    46   7 06.3  17 48
Mon Oct 05/Tue Oct 06  7301.7    0 16 25   18 50  19 59   5 00  6 10   20 15   5 17    2 05  .....    36   7 58.2  16 15
Tue Oct 06/Wed Oct 07  7302.7    0 20 22   18 50  20 00   4 59  6 09   20 20   5 20    2 48  .....    27   8 48.0  14 01
Wed Oct 07/Thu Oct 08  7303.7    0 24 18   18 51  20 00   4 58  6 08   20 24   5 23    3 28  .....    19   9 35.7  11 14
Thu Oct 08/Fri Oct 09  7304.7    0 28 15   18 51  20 01   4 57  6 07   20 29   5 26    4 05  .....    12  10 21.9   8 03
Fri Oct 09/Sat Oct 10  7305.7    0 32 11   18 52  20 02   4 56  6 06   20 33   5 29    4 41  .....     7  11 07.1   4 36
Sat Oct 10/Sun Oct 11* 7306.7    0 36 08   18 52  20 02   5 55  7 05   20 38   5 31    6 17  17 07     3  11 51.6   1 00
Sun Oct 11/Mon Oct 12  7307.6   23 39 55   19 53  21 03   5 53  7 04   20 42   5 34    6 52  18 56     1  12 33.3 - 2 28
Mon Oct 12/Tue Oct 13  7308.6   23 43 51   19 53  21 03   5 52  7 03   20 47   5 37   .....  19 46     0  13 18.1 - 6 00
Tue Oct 13/Wed Oct 14  7309.6   23 47 48   19 53  21 04   5 51  7 02   20 51   5 40   .....  20 36     1  14 03.8 - 9 19
Wed Oct 14/Thu Oct 15  7310.6   23 51 44   19 54  21 05   5 50  7 01   20 56   5 43   .....  21 27     4  14 50.8 -12 16
Thu Oct 15/Fri Oct 16  7311.6   23 55 41   19 54  21 05   5 49  7 00   21 00   5 46   .....  22 19     8  15 39.3 -14 43
Fri Oct 16/Sat Oct 17  7312.6   23 59 37   19 55  21 06   5 48  6 59   21 05   5 49   .....  23 11    15  16 29.4 -16 32
Sat Oct 17/Sun Oct 18  7313.6    0 03 34   19 55  21 06   5 47  6 58   21 09   5 52   .....   0 03    22  17 21.3 -17 35
Sun Oct 18/Mon Oct 19  7314.6    0 07 30   19 56  21 07   5 46  6 57   21 14   5 54   .....   0 54    31  18 14.6 -17 46
Mon Oct 19/Tue Oct 20  7315.6    0 11 27   19 56  21 08   5 45  6 56   21 19   5 57   .....   1 45    42  19 09.2 -17 00
Tue Oct 20/Wed Oct 21  7316.6    0 15 24   19 57  21 08   5 44  6 55   21 23   6 00   .....   2 34    52  20 04.6 -15 16
Wed Oct 21/Thu Oct 22  7317.6    0 19 20   19 58  21 09   5 43  6 55   21 28   6 03   .....   3 21    63  21 00.6 -12 35
Thu Oct 22/Fri Oct 23  7318.6    0 23 17   19 58  21 10   5 42  6 54   21 33   6 06   .....   4 07    74  21 57.0 - 9 02
Fri Oct 23/Sat Oct 24  7319.6    0 27 13   19 59  21 11   5 41  6 53   21 37   6 09   .....   4 53    84  22 53.8 - 4 49
Sat Oct 24/Sun Oct 25  7320.6    0 31 10   19 59  21 11   5 40  6 52   21 42   6 12   .....   5 39    92  23 51.3 - 0 10
Sun Oct 25/Mon Oct 26  7321.6    0 35 06   20 00  21 12   5 39  6 51   21 47   6 15   18 00   6 25    97   0 49.5   4 35
Mon Oct 26/Tue Oct 27  7322.6    0 39 03   20 00  21 13   5 38  6 50   21 51   6 18   19 05  .....   100   1 48.7   9 06
Tue Oct 27/Wed Oct 28  7323.6    0 42 59   20 01  21 13   5 37  6 50   21 56   6 21   20 10  .....    99   2 48.9  13 00
Wed Oct 28/Thu Oct 29  7324.6    0 46 56   20 01  21 14   5 36  6 49   22 01   6 24   21 15  .....    96   3 49.4  16 00
Thu Oct 29/Fri Oct 30  7325.6    0 50 53   20 02  21 15   5 35  6 48   22 05   6 27   22 18  .....    90   4 49.7  17 55
Fri Oct 30/Sat Oct 31  7326.6    0 54 49   20 03  21 16   5 34  6 48   22 10   6 30   23 16  .....    82   5 48.8  18 40
Sat Oct 31/Sun Nov 01  7327.6    0 58 46   20 03  21 17   5 34  6 47   22 15   6 33    0 11  .....    73   6 45.8  18 21
