  Date (eve/morn)      JDmid    LMSTmidn   ---------- Sun: ---------   LST twilight:  ------------- Moon: --------------
  (2015 at start)    (-2450000)            set  twi.end twi.beg rise    eve    morn    rise   set  %illum   RA      Dec
Tue Sep 01/Wed Sep 02  7267.7   22 02 22   18 38  19 46   5 37  6 45   17 48   3 40   21 44  .....    83   1 46.4   8 43
Wed Sep 02/Thu Sep 03  7268.7   22 06 19   18 38  19 46   5 36  6 44   17 52   3 43   22 47  .....    73   2 43.7  12 29
Thu Sep 03/Fri Sep 04  7269.7   22 10 15   18 38  19 47   5 35  6 43   17 56   3 46   23 47  .....    63   3 40.6  15 23
Fri Sep 04/Sat Sep 05  7270.7   22 14 12   18 39  19 47   5 34  6 42   18 01   3 49    0 46  .....    52   4 36.9  17 21
Sat Sep 05/Sun Sep 06  7271.7   22 18 08   18 39  19 47   5 33  6 41   18 05   3 52    1 42  .....    41   5 32.3  18 19
Sun Sep 06/Mon Sep 07  7272.7   22 22 05   18 39  19 48   5 32  6 40   18 09   3 55    2 34  .....    31   6 26.4  18 18
Mon Sep 07/Tue Sep 08  7273.7   22 26 02   18 40  19 48   5 31  6 39   18 13   3 58    3 22  .....    22   7 18.9  17 24
Tue Sep 08/Wed Sep 09  7274.7   22 29 58   18 40  19 48   5 30  6 38   18 18   4 00    4 07  .....    15   8 09.6  15 42
Wed Sep 09/Thu Sep 10  7275.7   22 33 55   18 40  19 49   5 29  6 37   18 22   4 03    4 49  .....     9   8 58.5  13 21
Thu Sep 10/Fri Sep 11  7276.7   22 37 51   18 41  19 49   5 28  6 36   18 26   4 06    5 28  16 40     4   9 45.8  10 28
Fri Sep 11/Sat Sep 12  7277.7   22 41 48   18 41  19 49   5 27  6 35   18 30   4 09    6 05  17 31     1  10 31.8   7 13
Sat Sep 12/Sun Sep 13  7278.7   22 45 44   18 41  19 50   5 25  6 34   18 35   4 12    6 40  18 21     0  11 16.8   3 42
Sun Sep 13/Mon Sep 14  7279.7   22 49 41   18 42  19 50   5 24  6 33   18 39   4 15    7 16  19 10     1  12 01.3   0 05
Mon Sep 14/Tue Sep 15  7280.7   22 53 37   18 42  19 50   5 23  6 32   18 43   4 18   .....  20 00     3  12 45.8 - 3 31
Tue Sep 15/Wed Sep 16  7281.7   22 57 34   18 42  19 51   5 22  6 31   18 48   4 21   .....  20 50     7  13 30.8 - 7 00
Wed Sep 16/Thu Sep 17  7282.7   23 01 31   18 43  19 51   5 21  6 30   18 52   4 24   .....  21 40    13  14 16.7 -10 12
Thu Sep 17/Fri Sep 18  7283.7   23 05 27   18 43  19 52   5 20  6 28   18 56   4 26   .....  22 31    20  15 04.0 -13 01
Fri Sep 18/Sat Sep 19  7284.7   23 09 24   18 43  19 52   5 19  6 27   19 01   4 29   .....  23 22    28  15 53.0 -15 18
Sat Sep 19/Sun Sep 20  7285.7   23 13 20   18 44  19 52   5 18  6 26   19 05   4 32   .....   0 15    37  16 44.0 -16 55
Sun Sep 20/Mon Sep 21  7286.7   23 17 17   18 44  19 53   5 17  6 25   19 09   4 35   .....   1 07    47  17 37.1 -17 44
Mon Sep 21/Tue Sep 22  7287.7   23 21 13   18 45  19 53   5 16  6 24   19 14   4 38   .....   2 00    58  18 32.0 -17 37
Tue Sep 22/Wed Sep 23  7288.7   23 25 10   18 45  19 53   5 15  6 23   19 18   4 41   .....   2 51    68  19 28.6 -16 30
Wed Sep 23/Thu Sep 24  7289.7   23 29 06   18 45  19 54   5 13  6 22   19 22   4 43   .....   3 41    78  20 26.2 -14 19
Thu Sep 24/Fri Sep 25  7290.7   23 33 03   18 46  19 54   5 12  6 21   19 27   4 46   .....   4 30    87  21 24.6 -11 10
Fri Sep 25/Sat Sep 26  7291.7   23 37 00   18 46  19 55   5 11  6 20   19 31   4 49   .....   5 18    94  22 23.3 - 7 10
Sat Sep 26/Sun Sep 27  7292.7   23 40 56   18 46  19 55   5 10  6 19   19 35   4 52   17 12   6 05    99  23 22.1 - 2 35
Sun Sep 27/Mon Sep 28  7293.7   23 44 53   18 47  19 56   5 09  6 18   19 40   4 55   18 18   6 52   100   0 21.1   2 14
Mon Sep 28/Tue Sep 29  7294.7   23 48 49   18 47  19 56   5 08  6 17   19 44   4 58   19 23  .....    98   1 20.3   6 55
Tue Sep 29/Wed Sep 30  7295.7   23 52 46   18 47  19 56   5 07  6 16   19 49   5 00   20 29  .....    93   2 19.7  11 07
Wed Sep 30/Thu Oct 01  7296.7   23 56 42   18 48  19 57   5 06  6 15   19 53   5 03   21 33  .....    86   3 19.0  14 30
