  Date (eve/morn)      JDmid    LMSTmidn   ---------- Sun: ---------   LST twilight:  ------------- Moon: --------------
  (2015 at start)    (-2450000)            set  twi.end twi.beg rise    eve    morn    rise   set  %illum   RA      Dec
Thu Jan 01/Fri Jan 02  7024.6    5 04 09   20 42  22 02   5 28  6 49    3 06  10 33   .....   4 56    90   4 15.8  18 02
Fri Jan 02/Sat Jan 03  7025.6    5 08 06   20 42  22 03   5 29  6 49    3 10  10 38   18 18   5 46    96   5 10.6  19 07
Sat Jan 03/Sun Jan 04  7026.6    5 12 02   20 43  22 03   5 30  6 50    3 14  10 43   19 10  .....    99   6 05.0  19 13
Sun Jan 04/Mon Jan 05  7027.6    5 15 59   20 43  22 03   5 31  6 51    3 18  10 48   20 00  .....   100   6 58.2  18 23
Mon Jan 05/Tue Jan 06  7028.6    5 19 56   20 43  22 03   5 32  6 51    3 23  10 52   20 45  .....    99   7 49.9  16 42
Tue Jan 06/Wed Jan 07  7029.6    5 23 52   20 43  22 03   5 32  6 52    3 26  10 57   21 28  .....    96   8 39.7  14 19
Wed Jan 07/Thu Jan 08  7030.6    5 27 49   20 43  22 03   5 33  6 53    3 30  11 02   22 07  .....    92   9 27.7  11 23
Thu Jan 08/Fri Jan 09  7031.6    5 31 45   20 43  22 03   5 34  6 54    3 34  11 07   22 45  .....    86  10 14.2   8 02
Fri Jan 09/Sat Jan 10  7032.6    5 35 42   20 44  22 03   5 35  6 54    3 38  11 12   23 20  .....    79  10 59.7   4 26
Sat Jan 10/Sun Jan 11  7033.6    5 39 38   20 44  22 03   5 36  6 55    3 42  11 17   23 55  .....    71  11 44.6   0 41
Sun Jan 11/Mon Jan 12  7034.6    5 43 35   20 44  22 03   5 37  6 56    3 46  11 21    0 30  .....    62  12 29.7 - 3 05
Mon Jan 12/Tue Jan 13  7035.6    5 47 31   20 44  22 03   5 38  6 57    3 50  11 26    1 07  .....    52  13 15.7 - 6 43
Tue Jan 13/Wed Jan 14  7036.6    5 51 28   20 44  22 02   5 39  6 57    3 54  11 31    1 45  .....    43  14 03.2 -10 08
Wed Jan 14/Thu Jan 15  7037.6    5 55 25   20 44  22 02   5 40  6 58    3 57  11 36    2 27  .....    33  14 52.8 -13 08
Thu Jan 15/Fri Jan 16  7038.6    5 59 21   20 44  22 02   5 41  6 59    4 01  11 41    3 12  .....    24  15 45.1 -15 34
Fri Jan 16/Sat Jan 17  7039.6    6 03 18   20 44  22 02   5 42  7 00    4 05  11 46    4 03  .....    15  16 40.2 -17 13
Sat Jan 17/Sun Jan 18  7040.6    6 07 14   20 43  22 01   5 42  7 00    4 08  11 51    4 59  17 59     8  17 37.8 -17 54
Sun Jan 18/Mon Jan 19  7041.6    6 11 11   20 43  22 01   5 43  7 01    4 12  11 56    6 00  18 56     3  18 37.3 -17 28
Mon Jan 19/Tue Jan 20  7042.6    6 15 07   20 43  22 01   5 44  7 02    4 16  12 00   .....  19 53     1  19 37.7 -15 51
Tue Jan 20/Wed Jan 21  7043.6    6 19 04   20 43  22 00   5 45  7 03    4 19  12 05   .....  20 46     1  20 37.8 -13 07
Wed Jan 21/Thu Jan 22  7044.6    6 23 00   20 43  22 00   5 46  7 04    4 23  12 10   .....  21 37     4  21 36.8 - 9 28
Thu Jan 22/Fri Jan 23  7045.6    6 26 57   20 43  22 00   5 47  7 04    4 26  12 15   .....  22 25     9  22 34.4 - 5 11
Fri Jan 23/Sat Jan 24  7046.6    6 30 54   20 42  21 59   5 48  7 05    4 30  12 20   .....  23 10    17  23 30.5 - 0 36
Sat Jan 24/Sun Jan 25  7047.6    6 34 50   20 42  21 59   5 49  7 06    4 33  12 25   .....  23 54    27   0 25.4   3 58
Sun Jan 25/Mon Jan 26  7048.6    6 38 47   20 42  21 58   5 50  7 07    4 37  12 30   .....   0 38    38   1 19.7   8 16
Mon Jan 26/Tue Jan 27  7049.6    6 42 43   20 41  21 58   5 51  7 07    4 40  12 35   .....   1 22    49   2 13.8  12 02
Tue Jan 27/Wed Jan 28  7050.6    6 46 40   20 41  21 57   5 52  7 08    4 43  12 40   .....   2 08    59   3 07.8  15 07
Wed Jan 28/Thu Jan 29  7051.6    6 50 36   20 41  21 56   5 53  7 09    4 47  12 45   .....   2 55    70   4 02.0  17 23
Thu Jan 29/Fri Jan 30  7052.6    6 54 33   20 40  21 56   5 54  7 10    4 50  12 50   .....   3 43    79   4 56.1  18 44
Fri Jan 30/Sat Jan 31  7053.6    6 58 29   20 40  21 55   5 55  7 10    4 53  12 54   .....   4 34    86   5 49.9  19 08
Sat Jan 31/Sun Feb 01  7054.6    7 02 26   20 39  21 55   5 56  7 11    4 57  12 59   17 56   5 25    92   6 42.8  18 37
