  Date (eve/morn)      JDmid    LMSTmidn   ---------- Sun: ---------   LST twilight:  ------------- Moon: --------------
  (2021 at start)    (-2450000)            set  twi.end twi.beg rise    eve    morn    rise   set  %illum   RA      Dec
Sun Aug 01/Mon Aug 02  9428.7   20 02 18   18 26  19 36   5 59  7 10   15 38   2 02    2 13  .....    34   3 45.6  18 54
Mon Aug 02/Tue Aug 03  9429.7   20 06 15   18 26  19 37   5 59  7 09   15 42   2 06    3 07  .....    26   4 34.0  22 05
Tue Aug 03/Wed Aug 04  9430.7   20 10 11   18 27  19 37   5 58  7 09   15 47   2 09    4 00  .....    18   5 24.4  24 20
Wed Aug 04/Thu Aug 05  9431.7   20 14 08   18 27  19 37   5 58  7 08   15 51   2 13    4 54  .....    11   6 16.8  25 32
Thu Aug 05/Fri Aug 06  9432.7   20 18 05   18 27  19 38   5 57  7 07   15 55   2 16    5 46  .....     6   7 10.5  25 33
Fri Aug 06/Sat Aug 07  9433.7   20 22 01   18 28  19 38   5 56  7 07   15 59   2 19    6 35  16 46     2   8 04.6  24 18
Sat Aug 07/Sun Aug 08  9434.7   20 25 58   18 28  19 38   5 56  7 06   16 04   2 23    7 21  17 43     0   8 58.3  21 50
Sun Aug 08/Mon Aug 09  9435.7   20 29 54   18 29  19 39   5 55  7 05   16 08   2 26   .....  18 42     1   9 50.7  18 15
Mon Aug 09/Tue Aug 10  9436.7   20 33 51   18 29  19 39   5 55  7 05   16 12   2 29   .....  19 41     3  10 41.7  13 43
Tue Aug 10/Wed Aug 11  9437.7   20 37 47   18 29  19 39   5 54  7 04   16 16   2 33   .....  20 40     7  11 31.6   8 27
Wed Aug 11/Thu Aug 12  9438.7   20 41 44   18 30  19 40   5 53  7 03   16 21   2 36   .....  21 39    14  12 20.8   2 43
Thu Aug 12/Fri Aug 13  9439.7   20 45 40   18 30  19 40   5 53  7 02   16 25   2 39   .....  22 38    23  13 10.4 - 3 14
Fri Aug 13/Sat Aug 14  9440.7   20 49 37   18 31  19 40   5 52  7 02   16 29   2 43   .....  23 38    33  14 01.1 - 9 06
Sat Aug 14/Sun Aug 15  9441.7   20 53 34   18 31  19 41   5 51  7 01   16 34   2 46   .....   0 41    44  14 54.1 -14 35
Sun Aug 15/Mon Aug 16  9442.7   20 57 30   18 31  19 41   5 51  7 00   16 38   2 49   .....   1 46    55  15 50.1 -19 19
Mon Aug 16/Tue Aug 17  9443.7   21 01 27   18 32  19 41   5 50  6 59   16 42   2 52   .....   2 52    67  16 49.6 -22 57
Tue Aug 17/Wed Aug 18  9444.7   21 05 23   18 32  19 42   5 49  6 58   16 46   2 55   .....   3 57    77  17 51.9 -25 09
Wed Aug 18/Thu Aug 19  9445.7   21 09 20   18 33  19 42   5 48  6 58   16 51   2 59   .....   4 59    86  18 55.7 -25 40
Thu Aug 19/Fri Aug 20  9446.7   21 13 16   18 33  19 42   5 48  6 57   16 55   3 02   .....   5 55    93  19 59.0 -24 28
Fri Aug 20/Sat Aug 21  9447.7   21 17 13   18 33  19 43   5 47  6 56   16 59   3 05   16 34   6 45    98  20 59.7 -21 42
Sat Aug 21/Sun Aug 22  9448.7   21 21 09   18 34  19 43   5 46  6 55   17 03   3 08   17 38   7 28   100  21 56.8 -17 40
Sun Aug 22/Mon Aug 23  9449.7   21 25 06   18 34  19 43   5 45  6 54   17 08   3 11   18 40  .....    99  22 50.0 -12 46
Mon Aug 23/Tue Aug 24  9450.7   21 29 03   18 35  19 43   5 44  6 53   17 12   3 14   19 38  .....    96  23 39.8 - 7 21
Tue Aug 24/Wed Aug 25  9451.7   21 32 59   18 35  19 44   5 43  6 52   17 16   3 17   20 34  .....    92   0 27.2 - 1 46
Wed Aug 25/Thu Aug 26  9452.7   21 36 56   18 35  19 44   5 43  6 51   17 20   3 20   21 27  .....    85   1 12.9   3 46
Thu Aug 26/Fri Aug 27  9453.7   21 40 52   18 36  19 44   5 42  6 50   17 25   3 23   22 20  .....    78   1 58.1   9 01
Fri Aug 27/Sat Aug 28  9454.7   21 44 49   18 36  19 45   5 41  6 49   17 29   3 26   23 12  .....    69   2 43.6  13 49
Sat Aug 28/Sun Aug 29  9455.7   21 48 45   18 36  19 45   5 40  6 48   17 33   3 29    0 04  .....    60   3 30.1  18 02
Sun Aug 29/Mon Aug 30  9456.7   21 52 42   18 37  19 45   5 39  6 47   17 37   3 33    0 57  .....    51   4 18.2  21 30
Mon Aug 30/Tue Aug 31  9457.7   21 56 38   18 37  19 46   5 38  6 46   17 42   3 36    1 51  .....    41   5 08.2  24 04
Tue Aug 31/Wed Sep 01  9458.7   22 00 35   18 37  19 46   5 37  6 46   17 46   3 39    2 45  .....    32   6 00.0  25 35
