  Date (eve/morn)      JDmid    LMSTmidn   ---------- Sun: ---------   LST twilight:  ------------- Moon: --------------
  (2012 at start)    (-2450000)            set  twi.end twi.beg rise    eve    morn    rise   set  %illum   RA      Dec
Thu Nov 01/Fri Nov 02  6233.6    1 05 34   20 04  21 18   5 32  6 46   22 23   6 39   22 24  .....    90   5 02.5  21 24
Fri Nov 02/Sat Nov 03  6234.6    1 09 31   20 05  21 19   5 31  6 45   22 28   6 42   23 11  .....    84   5 53.4  21 05
Sat Nov 03/Sun Nov 04  6235.6    1 13 27   20 06  21 20   5 30  6 44   22 33   6 45   23 57  .....    76   6 43.9  19 51
Sun Nov 04/Mon Nov 05  6236.6    1 17 24   20 06  21 21   5 30  6 44   22 37   6 48    0 40  .....    68   7 33.7  17 45
Mon Nov 05/Tue Nov 06  6237.6    1 21 20   20 07  21 21   5 29  6 43   22 42   6 51    1 21  .....    58   8 22.9  14 51
Tue Nov 06/Wed Nov 07  6238.6    1 25 17   20 08  21 22   5 28  6 43   22 47   6 54    2 00  .....    48   9 11.7  11 17
Wed Nov 07/Thu Nov 08  6239.6    1 29 13   20 08  21 23   5 27  6 42   22 52   6 57    2 38  .....    38  10 00.4   7 08
Thu Nov 08/Fri Nov 09  6240.6    1 33 10   20 09  21 24   5 27  6 42   22 57   7 01    3 17  .....    28  10 49.7   2 34
Fri Nov 09/Sat Nov 10  6241.6    1 37 07   20 10  21 25   5 26  6 41   23 02   7 04    3 56  .....    19  11 40.3 - 2 15
Sat Nov 10/Sun Nov 11  6242.6    1 41 03   20 10  21 26   5 25  6 41   23 06   7 07    4 39  .....    11  12 33.1 - 7 04
Sun Nov 11/Mon Nov 12  6243.6    1 45 00   20 11  21 27   5 25  6 40   23 11   7 10    5 24  17 57     5  13 28.6 -11 37
Mon Nov 12/Tue Nov 13  6244.6    1 48 56   20 12  21 28   5 24  6 40   23 16   7 14    6 15  19 03     1  14 27.3 -15 32
Tue Nov 13/Wed Nov 14  6245.6    1 52 53   20 12  21 28   5 23  6 39   23 21   7 17   .....  20 11     0  15 29.0 -18 27
Wed Nov 14/Thu Nov 15  6246.6    1 56 49   20 13  21 29   5 23  6 39   23 26   7 20   .....  21 18     2  16 32.6 -20 03
Thu Nov 15/Fri Nov 16  6247.6    2 00 46   20 14  21 30   5 22  6 39   23 31   7 24   .....  22 22     7  17 36.6 -20 11
Fri Nov 16/Sat Nov 17  6248.6    2 04 42   20 15  21 31   5 22  6 38   23 36   7 27   .....  23 21    14  18 39.2 -18 52
Sat Nov 17/Sun Nov 18  6249.6    2 08 39   20 15  21 32   5 21  6 38   23 40   7 31   .....   0 13    23  19 38.9 -16 19
Sun Nov 18/Mon Nov 19  6250.6    2 12 36   20 16  21 33   5 21  6 38   23 45   7 34   .....   1 00    34  20 35.2 -12 50
Mon Nov 19/Tue Nov 20  6251.6    2 16 32   20 17  21 34   5 20  6 37   23 50   7 38   .....   1 41    44  21 28.2 - 8 43
Tue Nov 20/Wed Nov 21  6252.6    2 20 29   20 18  21 35   5 20  6 37   23 55   7 41   .....   2 20    55  22 18.6 - 4 16
Wed Nov 21/Thu Nov 22  6253.6    2 24 25   20 18  21 36   5 19  6 37   24 00   7 45   .....   2 56    65  23 07.0   0 19
Thu Nov 22/Fri Nov 23  6254.6    2 28 22   20 19  21 37   5 19  6 37    0 05   7 48   .....   3 32    74  23 54.4   4 48
Fri Nov 23/Sat Nov 24  6255.6    2 32 18   20 20  21 38   5 19  6 37    0 10   7 52   .....   4 08    83   0 41.5   9 02
Sat Nov 24/Sun Nov 25  6256.6    2 36 15   20 20  21 39   5 18  6 37    0 14   7 56   .....   4 45    89   1 28.9  12 52
Sun Nov 25/Mon Nov 26  6257.6    2 40 11   20 21  21 40   5 18  6 36    0 19   7 59   17 46   5 24    95   2 17.2  16 09
Mon Nov 26/Tue Nov 27  6258.6    2 44 08   20 22  21 40   5 18  6 36    0 24   8 03   18 38   6 05    98   3 06.5  18 45
Tue Nov 27/Wed Nov 28  6259.6    2 48 05   20 23  21 41   5 18  6 36    0 29   8 07   19 29  .....   100   3 56.8  20 32
Wed Nov 28/Thu Nov 29  6260.6    2 52 01   20 23  21 42   5 17  6 36    0 34   8 10   20 19  .....   100   4 47.9  21 26
Thu Nov 29/Fri Nov 30  6261.6    2 55 58   20 24  21 43   5 17  6 36    0 39   8 14   21 08  .....    98   5 39.2  21 23
Fri Nov 30/Sat Dec 01  6262.6    2 59 54   20 25  21 44   5 17  6 36    0 44   8 18   21 54  .....    94   6 30.3  20 23
