  Date (eve/morn)      JDmid    LMSTmidn   ---------- Sun: ---------   LST twilight:  ------------- Moon: --------------
  (2017 at start)    (-2450000)            set  twi.end twi.beg rise    eve    morn    rise   set  %illum   RA      Dec
Thu Jun 01/Fri Jun 02  7906.7   16 01 41   18 08  19 21   5 58  7 11   11 22  22 01   .....   1 21    56  11 20.9   6 20
Fri Jun 02/Sat Jun 03  7907.7   16 05 38   18 08  19 21   5 59  7 11   11 26  22 05   .....   2 15    66  12 09.2   2 13
Sat Jun 03/Sun Jun 04  7908.7   16 09 34   18 08  19 21   5 59  7 12   11 30  22 09   .....   3 07    75  12 56.3 - 1 55
Sun Jun 04/Mon Jun 05  7909.7   16 13 31   18 08  19 21   5 59  7 12   11 34  22 14   .....   3 58    83  13 43.0 - 5 55
Mon Jun 05/Tue Jun 06  7910.7   16 17 27   18 08  19 21   6 00  7 13   11 38  22 18   .....   4 49    90  14 29.7 - 9 37
Tue Jun 06/Wed Jun 07  7911.7   16 21 24   18 08  19 21   6 00  7 13   11 42  22 22   16 13   5 40    95  15 17.1 -12 53
Wed Jun 07/Thu Jun 08  7912.7   16 25 20   18 08  19 21   6 00  7 13   11 46  22 27   16 52   6 31    98  16 05.4 -15 37
Thu Jun 08/Fri Jun 09  7913.7   16 29 17   18 08  19 21   6 01  7 14   11 50  22 31   17 33   7 21   100  16 54.8 -17 39
Fri Jun 09/Sat Jun 10  7914.7   16 33 14   18 08  19 21   6 01  7 14   11 54  22 35   18 17  .....    99  17 45.2 -18 55
Sat Jun 10/Sun Jun 11  7915.7   16 37 10   18 08  19 21   6 01  7 14   11 58  22 39   19 03  .....    97  18 36.2 -19 19
Sun Jun 11/Mon Jun 12  7916.7   16 41 07   18 08  19 21   6 02  7 15   12 02  22 44   19 52  .....    94  19 27.4 -18 50
Mon Jun 12/Tue Jun 13  7917.7   16 45 03   18 08  19 22   6 02  7 15   12 06  22 48   20 43  .....    88  20 18.5 -17 28
Tue Jun 13/Wed Jun 14  7918.7   16 49 00   18 08  19 22   6 02  7 15   12 10  22 52   21 35  .....    81  21 09.1 -15 16
Wed Jun 14/Thu Jun 15  7919.7   16 52 56   18 09  19 22   6 02  7 16   12 14  22 56   22 29  .....    72  21 59.2 -12 20
Thu Jun 15/Fri Jun 16  7920.7   16 56 53   18 09  19 22   6 03  7 16   12 18  23 01   23 23  .....    63  22 49.0 - 8 46
Fri Jun 16/Sat Jun 17  7921.7   17 00 49   18 09  19 22   6 03  7 16   12 22  23 05    0 19  .....    53  23 38.8 - 4 43
Sat Jun 17/Sun Jun 18  7922.7   17 04 46   18 09  19 22   6 03  7 17   12 26  23 09    1 16  .....    42   0 29.2 - 0 20
Sun Jun 18/Mon Jun 19  7923.7   17 08 43   18 09  19 22   6 03  7 17   12 30  23 13    2 15  .....    31   1 21.0   4 11
Mon Jun 19/Tue Jun 20  7924.7   17 12 39   18 09  19 23   6 04  7 17   12 35  23 17    3 16  .....    21   2 14.8   8 37
Tue Jun 20/Wed Jun 21  7925.7   17 16 36   18 10  19 23   6 04  7 17   12 39  23 21    4 20  .....    12   3 11.1  12 40
Wed Jun 21/Thu Jun 22  7926.7   17 20 32   18 10  19 23   6 04  7 17   12 43  23 26    5 26  16 09     6   4 10.3  16 01
Thu Jun 22/Fri Jun 23  7927.7   17 24 29   18 10  19 23   6 04  7 18   12 47  23 30    6 32  17 03     2   5 11.9  18 22
Fri Jun 23/Sat Jun 24  7928.7   17 28 25   18 10  19 24   6 04  7 18   12 51  23 34    7 37  18 02     0   6 15.0  19 28
Sat Jun 24/Sun Jun 25  7929.7   17 32 22   18 10  19 24   6 05  7 18   12 55  23 38   .....  19 05     2   7 18.0  19 13
Sun Jun 25/Mon Jun 26  7930.7   17 36 18   18 11  19 24   6 05  7 18   13 00  23 42   .....  20 09     6   8 19.3  17 41
Mon Jun 26/Tue Jun 27  7931.7   17 40 15   18 11  19 24   6 05  7 18   13 04  23 46   .....  21 13    13   9 17.8  15 05
Tue Jun 27/Wed Jun 28  7932.7   17 44 12   18 11  19 25   6 05  7 18   13 08  23 50   .....  22 14    21  10 13.1  11 41
Wed Jun 28/Thu Jun 29  7933.7   17 48 08   18 12  19 25   6 05  7 18   13 12  23 54   .....  23 12    30  11 05.4   7 47
Thu Jun 29/Fri Jun 30  7934.7   17 52 05   18 12  19 25   6 05  7 18   13 17  23 58   .....   0 08    40  11 55.1   3 37
Fri Jun 30/Sat Jul 01  7935.7   17 56 01   18 12  19 26   6 05  7 19   13 21   0 02   .....   1 01    51  12 43.1 - 0 35
