  Date (eve/morn)      JDmid    LMSTmidn   ---------- Sun: ---------   LST twilight:  ------------- Moon: --------------
  (2019 at start)    (-2450000)            set  twi.end twi.beg rise    eve    morn    rise   set  %illum   RA      Dec
Tue Oct 01/Wed Oct 02  8758.7    0 00 46   18 48  19 57   5 04  6 14   19 58   5 06   .....  22 07    15  15 33.4 -14 59
Wed Oct 02/Thu Oct 03  8759.7    0 04 43   18 49  19 58   5 03  6 13   20 02   5 09   .....  23 09    24  16 28.9 -18 34
Thu Oct 03/Fri Oct 04  8760.7    0 08 39   18 49  19 58   5 02  6 12   20 06   5 12   .....   0 09    34  17 24.6 -21 02
Fri Oct 04/Sat Oct 05  8761.7    0 12 36   18 50  19 59   5 01  6 11   20 11   5 15   .....   1 05    44  18 20.0 -22 18
Sat Oct 05/Sun Oct 06  8762.7    0 16 32   18 50  19 59   5 00  6 10   20 15   5 17   .....   1 57    54  19 14.5 -22 22
Sun Oct 06/Mon Oct 07  8763.7    0 20 29   18 50  20 00   4 59  6 08   20 20   5 20   .....   2 45    64  20 07.5 -21 20
Mon Oct 07/Tue Oct 08  8764.7    0 24 26   18 51  20 00   4 58  6 07   20 24   5 23   .....   3 28    73  20 58.6 -19 18
Tue Oct 08/Wed Oct 09  8765.7    0 28 22   18 51  20 01   4 57  6 06   20 29   5 26   .....   4 07    81  21 47.8 -16 26
Wed Oct 09/Thu Oct 10  8766.7    0 32 19   18 52  20 02   4 56  6 06   20 33   5 29   .....   4 43    88  22 35.1 -12 52
Thu Oct 10/Fri Oct 11  8767.7    0 36 15   18 52  20 02   4 55  6 05   20 38   5 32   .....   5 17    93  23 20.9 - 8 46
Fri Oct 11/Sat Oct 12  8768.7    0 40 12   18 53  20 03   4 53  6 04   20 42   5 34   16 56   5 49    97   0 05.9 - 4 18
Sat Oct 12/Sun Oct 13* 8769.7    0 44 08   18 53  20 03   5 52  7 03   20 47   5 37   17 47   7 22    99   0 50.6   0 23
Sun Oct 13/Mon Oct 14  8770.6   23 47 55   19 53  21 04   5 51  7 02   20 51   5 40   19 38  .....   100   1 34.7   4 54
Mon Oct 14/Tue Oct 15  8771.6   23 51 52   19 54  21 05   5 50  7 01   20 56   5 43   20 29  .....    98   2 20.7   9 29
Tue Oct 15/Wed Oct 16  8772.6   23 55 48   19 54  21 05   5 49  7 00   21 00   5 46   21 22  .....    95   3 08.4  13 44
Wed Oct 16/Thu Oct 17  8773.6   23 59 45   19 55  21 06   5 48  6 59   21 05   5 49   22 17  .....    90   3 58.4  17 27
Thu Oct 17/Fri Oct 18  8774.6    0 03 41   19 55  21 06   5 47  6 58   21 10   5 52   23 13  .....    83   4 50.8  20 25
Fri Oct 18/Sat Oct 19  8775.6    0 07 38   19 56  21 07   5 46  6 57   21 14   5 55    0 10  .....    74   5 45.7  22 24
Sat Oct 19/Sun Oct 20  8776.6    0 11 34   19 56  21 08   5 45  6 56   21 19   5 57    1 07  .....    64   6 42.6  23 14
Sun Oct 20/Mon Oct 21  8777.6    0 15 31   19 57  21 08   5 44  6 55   21 23   6 00    2 03  .....    54   7 40.7  22 47
Mon Oct 21/Tue Oct 22  8778.6    0 19 27   19 58  21 09   5 43  6 54   21 28   6 03    2 56  .....    43   8 39.1  21 00
Tue Oct 22/Wed Oct 23  8779.6    0 23 24   19 58  21 10   5 42  6 54   21 33   6 06    3 45  .....    32   9 36.9  17 57
Wed Oct 23/Thu Oct 24  8780.6    0 27 21   19 59  21 11   5 41  6 53   21 37   6 09    4 31  .....    22  10 33.5  13 49
Thu Oct 24/Fri Oct 25  8781.6    0 31 17   19 59  21 11   5 40  6 52   21 42   6 12    5 15  .....    13  11 28.9   8 50
Fri Oct 25/Sat Oct 26  8782.6    0 35 14   20 00  21 12   5 39  6 51   21 47   6 15    5 57  17 32     6  12 23.4   3 18
Sat Oct 26/Sun Oct 27  8783.6    0 39 10   20 00  21 13   5 38  6 50   21 51   6 18    6 39  18 37     2  13 17.6 - 2 25
Sun Oct 27/Mon Oct 28  8784.6    0 43 07   20 01  21 13   5 37  6 50   21 56   6 21   .....  19 41     0  14 12.0 - 7 58
Mon Oct 28/Tue Oct 29  8785.6    0 47 03   20 01  21 14   5 36  6 49   22 01   6 24   .....  20 46     1  15 07.2 -12 59
Tue Oct 29/Wed Oct 30  8786.6    0 51 00   20 02  21 15   5 35  6 48   22 06   6 27   .....  21 50     5  16 03.4 -17 09
Wed Oct 30/Thu Oct 31  8787.6    0 54 56   20 03  21 16   5 34  6 47   22 10   6 30   .....  22 53    11  17 00.3 -20 15
Thu Oct 31/Fri Nov 01  8788.6    0 58 53   20 03  21 17   5 33  6 47   22 15   6 33   .....  23 53    19  17 57.3 -22 06
