  Date (eve/morn)      JDmid    LMSTmidn   ---------- Sun: ---------   LST twilight:  ------------- Moon: --------------
  (2020 at start)    (-2450000)            set  twi.end twi.beg rise    eve    morn    rise   set  %illum   RA      Dec
Mon Jun 01/Tue Jun 02  9002.7   16 02 46   18 08  19 21   5 58  7 11   11 23  22 02   .....   3 52    82  13 28.6 - 3 57
Tue Jun 02/Wed Jun 03  9003.7   16 06 42   18 08  19 21   5 59  7 11   11 27  22 06   .....   4 56    90  14 23.6 - 9 46
Wed Jun 03/Thu Jun 04  9004.7   16 10 39   18 08  19 21   5 59  7 12   11 31  22 11   16 22   6 02    96  15 20.7 -15 00
Thu Jun 04/Fri Jun 05  9005.7   16 14 35   18 08  19 21   5 59  7 12   11 35  22 15   17 08   7 08    99  16 20.0 -19 18
Fri Jun 05/Sat Jun 06  9006.7   16 18 32   18 08  19 21   6 00  7 13   11 39  22 19   17 58  .....   100  17 21.2 -22 18
Sat Jun 06/Sun Jun 07  9007.7   16 22 29   18 08  19 21   6 00  7 13   11 43  22 23   18 53  .....    97  18 22.9 -23 49
Sun Jun 07/Mon Jun 08  9008.7   16 26 25   18 08  19 21   6 00  7 13   11 47  22 28   19 50  .....    93  19 23.6 -23 47
Mon Jun 08/Tue Jun 09  9009.7   16 30 22   18 08  19 21   6 01  7 14   11 51  22 32   20 49  .....    86  20 21.7 -22 22
Tue Jun 09/Wed Jun 10  9010.7   16 34 18   18 08  19 21   6 01  7 14   11 55  22 36   21 48  .....    78  21 16.3 -19 47
Wed Jun 10/Thu Jun 11  9011.7   16 38 15   18 08  19 21   6 01  7 14   11 59  22 41   22 44  .....    69  22 07.3 -16 20
Thu Jun 11/Fri Jun 12  9012.7   16 42 11   18 08  19 21   6 02  7 15   12 03  22 45   23 38  .....    60  22 55.1 -12 15
Fri Jun 12/Sat Jun 13  9013.7   16 46 08   18 08  19 22   6 02  7 15   12 07  22 49    0 30  .....    50  23 40.4 - 7 46
Sat Jun 13/Sun Jun 14  9014.7   16 50 04   18 08  19 22   6 02  7 15   12 11  22 53    1 20  .....    41   0 24.1 - 3 04
Sun Jun 14/Mon Jun 15  9015.7   16 54 01   18 09  19 22   6 02  7 16   12 15  22 57    2 10  .....    32   1 07.1   1 43
Mon Jun 15/Tue Jun 16  9016.7   16 57 58   18 09  19 22   6 03  7 16   12 19  23 02    3 00  .....    23   1 50.2   6 26
Tue Jun 16/Wed Jun 17  9017.7   17 01 54   18 09  19 22   6 03  7 16   12 23  23 06    3 51  .....    16   2 34.5  10 58
Wed Jun 17/Thu Jun 18  9018.7   17 05 51   18 09  19 22   6 03  7 17   12 27  23 10    4 44  .....     9   3 20.6  15 08
Thu Jun 18/Fri Jun 19  9019.7   17 09 47   18 09  19 23   6 03  7 17   12 32  23 14    5 39  16 18     5   4 09.2  18 44
Fri Jun 19/Sat Jun 20  9020.7   17 13 44   18 09  19 23   6 04  7 17   12 36  23 18    6 36  17 00     1   5 00.5  21 35
Sat Jun 20/Sun Jun 21  9021.7   17 17 40   18 10  19 23   6 04  7 17   12 40  23 23    7 33  17 47     0   5 54.7  23 26
Sun Jun 21/Mon Jun 22  9022.7   17 21 37   18 10  19 23   6 04  7 17   12 44  23 27   .....  18 39     1   6 50.9  24 06
Mon Jun 22/Tue Jun 23  9023.7   17 25 33   18 10  19 23   6 04  7 18   12 48  23 31   .....  19 36     4   7 48.3  23 28
Tue Jun 23/Wed Jun 24  9024.7   17 29 30   18 10  19 24   6 04  7 18   12 52  23 35   .....  20 37     9   8 45.6  21 29
Wed Jun 24/Thu Jun 25  9025.7   17 33 27   18 11  19 24   6 05  7 18   12 57  23 39   .....  21 38    16   9 41.7  18 17
Thu Jun 25/Fri Jun 26  9026.7   17 37 23   18 11  19 24   6 05  7 18   13 01  23 43   .....  22 40    25  10 36.3  14 02
Fri Jun 26/Sat Jun 27  9027.7   17 41 20   18 11  19 24   6 05  7 18   13 05  23 47   .....  23 42    36  11 29.4   8 59
Sat Jun 27/Sun Jun 28  9028.7   17 45 16   18 11  19 25   6 05  7 18   13 09  23 51   .....   0 43    47  12 21.6   3 25
Sun Jun 28/Mon Jun 29  9029.7   17 49 13   18 12  19 25   6 05  7 18   13 13  23 55   .....   1 44    59  13 13.7 - 2 23
Mon Jun 29/Tue Jun 30  9030.7   17 53 09   18 12  19 25   6 05  7 18   13 18  23 59   .....   2 46    70  14 06.5 - 8 06
Tue Jun 30/Wed Jul 01  9031.7   17 57 06   18 12  19 26   6 05  7 19   13 22   0 03   .....   3 49    80  15 01.1 -13 24
