  Date (eve/morn)      JDmid    LMSTmidn   ---------- Sun: ---------   LST twilight:  ------------- Moon: --------------
  (2013 at start)    (-2450000)            set  twi.end twi.beg rise    eve    morn    rise   set  %illum   RA      Dec
Wed May 01/Thu May 02  6414.7   13 59 20   18 21  19 31   5 46  6 56    9 30  19 47    0 06  .....    53  20 39.8 -12 47
Thu May 02/Fri May 03  6415.7   14 03 17   18 20  19 30   5 47  6 57    9 33  19 51    1 05  .....    41  21 33.2 - 8 47
Fri May 03/Sat May 04  6416.7   14 07 14   18 20  19 30   5 47  6 57    9 36  19 55    2 03  .....    31  22 24.2 - 4 26
Sat May 04/Sun May 05  6417.7   14 11 10   18 19  19 29   5 48  6 58    9 40  20 00    2 59  .....    22  23 13.5   0 02
Sun May 05/Mon May 06  6418.7   14 15 07   18 18  19 29   5 48  6 58    9 43  20 04    3 54  .....    14   0 01.7   4 25
Mon May 06/Tue May 07  6419.7   14 19 03   18 18  19 28   5 48  6 59    9 47  20 08    4 48  .....     8   0 49.5   8 32
Tue May 07/Wed May 08  6420.7   14 23 00   18 17  19 28   5 49  6 59    9 50  20 13    5 41  16 47     3   1 37.5  12 14
Wed May 08/Thu May 09  6421.7   14 26 56   18 17  19 27   5 49  7 00    9 53  20 17    6 35  17 27     1   2 26.1  15 22
Thu May 09/Fri May 10  6422.7   14 30 53   18 16  19 27   5 49  7 00    9 57  20 21    7 27  18 09     0   3 15.3  17 48
Fri May 10/Sat May 11  6423.7   14 34 49   18 16  19 26   5 50  7 01   10 00  20 26   .....  18 53     1   4 05.0  19 27
Sat May 11/Sun May 12  6424.7   14 38 46   18 15  19 26   5 50  7 01   10 04  20 30   .....  19 39     4   4 55.1  20 14
Sun May 12/Mon May 13  6425.7   14 42 43   18 15  19 25   5 51  7 02   10 07  20 34   .....  20 27     9   5 45.1  20 08
Mon May 13/Tue May 14  6426.7   14 46 39   18 14  19 25   5 51  7 02   10 11  20 39   .....  21 17    15   6 34.6  19 11
Tue May 14/Wed May 15  6427.7   14 50 36   18 14  19 25   5 51  7 03   10 15  20 43   .....  22 07    22   7 23.5  17 25
Wed May 15/Thu May 16  6428.7   14 54 32   18 13  19 24   5 52  7 03   10 18  20 47   .....  22 58    30   8 11.7  14 53
Thu May 16/Fri May 17  6429.7   14 58 29   18 13  19 24   5 52  7 04   10 22  20 52   .....  23 50    39   8 59.3  11 43
Fri May 17/Sat May 18  6430.7   15 02 25   18 12  19 24   5 52  7 04   10 25  20 56   .....   0 42    49   9 46.8   7 59
Sat May 18/Sun May 19  6431.7   15 06 22   18 12  19 23   5 53  7 04   10 29  21 00   .....   1 35    59  10 34.6   3 49
Sun May 19/Mon May 20  6432.7   15 10 18   18 12  19 23   5 53  7 05   10 33  21 05   .....   2 30    69  11 23.6 - 0 40
Mon May 20/Tue May 21  6433.7   15 14 15   18 11  19 23   5 54  7 05   10 36  21 09   .....   3 28    79  12 14.5 - 5 16
Tue May 21/Wed May 22  6434.7   15 18 12   18 11  19 23   5 54  7 06   10 40  21 13   .....   4 28    87  13 08.1 - 9 45
Wed May 22/Thu May 23  6435.7   15 22 08   18 10  19 22   5 54  7 06   10 44  21 18   .....   5 31    94  14 05.1 -13 49
Thu May 23/Fri May 24  6436.7   15 26 05   18 10  19 22   5 55  7 07   10 47  21 22   16 45   6 37    98  15 05.7 -17 08
Fri May 24/Sat May 25  6437.7   15 30 01   18 10  19 22   5 55  7 07   10 51  21 26   17 40   7 43   100  16 09.4 -19 18
Sat May 25/Sun May 26  6438.7   15 33 58   18 10  19 22   5 56  7 08   10 55  21 30   18 40  .....    98  17 14.7 -20 04
Sun May 26/Mon May 27  6439.7   15 37 54   18 09  19 22   5 56  7 08   10 59  21 35   19 44  .....    94  18 19.9 -19 21
Mon May 27/Tue May 28  6440.7   15 41 51   18 09  19 22   5 56  7 09   11 03  21 39   20 50  .....    87  19 23.0 -17 14
Tue May 28/Wed May 29  6441.7   15 45 47   18 09  19 21   5 57  7 09   11 06  21 43   21 55  .....    77  20 22.9 -14 00
Wed May 29/Thu May 30  6442.7   15 49 44   18 09  19 21   5 57  7 10   11 10  21 48   22 57  .....    67  21 19.2 -10 02
Thu May 30/Fri May 31  6443.7   15 53 41   18 09  19 21   5 57  7 10   11 14  21 52   23 57  .....    56  22 12.2 - 5 37
Fri May 31/Sat Jun 01  6444.7   15 57 37   18 09  19 21   5 58  7 10   11 18  21 56    0 55  .....    45  23 02.8 - 1 04
