  Date (eve/morn)      JDmid    LMSTmidn   ---------- Sun: ---------   LST twilight:  ------------- Moon: --------------
  (2020 at start)    (-2450000)            set  twi.end twi.beg rise    eve    morn    rise   set  %illum   RA      Dec
Tue Dec 01/Wed Dec 02  9185.6    3 04 06   20 26  21 45   5 17  6 36    0 49   8 22   21 29  .....    97   6 01.4  24 56
Wed Dec 02/Thu Dec 03  9186.6    3 08 02   20 26  21 46   5 17  6 36    0 53   8 26   22 24  .....    93   6 56.7  25 26
Thu Dec 03/Fri Dec 04  9187.6    3 11 59   20 27  21 47   5 17  6 37    0 58   8 30   23 15  .....    86   7 52.6  24 38
Fri Dec 04/Sat Dec 05  9188.6    3 15 55   20 28  21 47   5 17  6 37    1 03   8 34    0 04  .....    79   8 48.0  22 33
Sat Dec 05/Sun Dec 06  9189.6    3 19 52   20 28  21 48   5 17  6 37    1 08   8 38    0 49  .....    70   9 42.2  19 19
Sun Dec 06/Mon Dec 07  9190.6    3 23 48   20 29  21 49   5 17  6 37    1 13   8 42    1 31  .....    59  10 34.9  15 04
Mon Dec 07/Tue Dec 08  9191.6    3 27 45   20 30  21 50   5 17  6 37    1 17   8 46    2 10  .....    48  11 26.5  10 02
Tue Dec 08/Wed Dec 09  9192.6    3 31 41   20 31  21 51   5 17  6 37    1 22   8 50    2 48  .....    37  12 17.4   4 25
Wed Dec 09/Thu Dec 10  9193.6    3 35 38   20 31  21 51   5 17  6 38    1 27   8 54    3 26  .....    27  13 08.7 - 1 30
Thu Dec 10/Fri Dec 11  9194.6    3 39 35   20 32  21 52   5 18  6 38    1 31   8 58    4 06  .....    17  14 01.3 - 7 24
Fri Dec 11/Sat Dec 12  9195.6    3 43 31   20 32  21 53   5 18  6 38    1 36   9 02    4 48  .....     9  14 56.1 -12 58
Sat Dec 12/Sun Dec 13  9196.6    3 47 28   20 33  21 54   5 18  6 39    1 41   9 06    5 35  18 34     4  15 53.7 -17 46
Sun Dec 13/Mon Dec 14  9197.6    3 51 24   20 34  21 54   5 18  6 39    1 45   9 11    6 28  19 42     0  16 54.1 -21 26
Mon Dec 14/Tue Dec 15  9198.6    3 55 21   20 34  21 55   5 19  6 39    1 50   9 15   .....  20 50     0  17 56.5 -23 38
Tue Dec 15/Wed Dec 16  9199.6    3 59 17   20 35  21 56   5 19  6 40    1 55   9 19   .....  21 54     3  18 59.1 -24 13
Wed Dec 16/Thu Dec 17  9200.6    4 03 14   20 36  21 56   5 19  6 40    1 59   9 23   .....  22 52     8  20 00.0 -23 13
Thu Dec 17/Fri Dec 18  9201.6    4 07 10   20 36  21 57   5 20  6 40    2 04   9 28   .....  23 42    14  20 57.7 -20 49
Fri Dec 18/Sat Dec 19  9202.6    4 11 07   20 37  21 57   5 20  6 41    2 08   9 32   .....   0 26    22  21 51.5 -17 22
Sat Dec 19/Sun Dec 20  9203.6    4 15 04   20 37  21 58   5 21  6 41    2 13   9 37   .....   1 04    32  22 41.6 -13 09
Sun Dec 20/Mon Dec 21  9204.6    4 19 00   20 38  21 58   5 21  6 42    2 17   9 41   .....   1 38    41  23 28.7 - 8 27
Mon Dec 21/Tue Dec 22  9205.6    4 22 57   20 38  21 59   5 22  6 42    2 22   9 45   .....   2 10    51   0 13.6 - 3 29
Tue Dec 22/Wed Dec 23  9206.6    4 26 53   20 39  21 59   5 22  6 43    2 26   9 50   .....   2 41    60   0 57.3   1 34
Wed Dec 23/Thu Dec 24  9207.6    4 30 50   20 39  22 00   5 23  6 43    2 30   9 54   .....   3 12    69   1 40.8   6 32
Thu Dec 24/Fri Dec 25  9208.6    4 34 46   20 40  22 00   5 23  6 44    2 35   9 59   .....   3 44    78   2 25.1  11 18
Fri Dec 25/Sat Dec 26  9209.6    4 38 43   20 40  22 01   5 24  6 45    2 39  10 03   .....   4 19    85   3 11.0  15 41
Sat Dec 26/Sun Dec 27  9210.6    4 42 39   20 40  22 01   5 25  6 45    2 43  10 08   17 32   4 56    91   3 59.3  19 31
Sun Dec 27/Mon Dec 28  9211.6    4 46 36   20 41  22 01   5 25  6 46    2 48  10 13   18 26   5 39    96   4 50.2  22 34
Mon Dec 28/Tue Dec 29  9212.6    4 50 33   20 41  22 02   5 26  6 46    2 52  10 17   19 22   6 26    99   5 43.9  24 38
Tue Dec 29/Wed Dec 30  9213.6    4 54 29   20 41  22 02   5 27  6 47    2 56  10 22   20 17  .....   100   6 39.8  25 31
Wed Dec 30/Thu Dec 31  9214.6    4 58 26   20 42  22 02   5 27  6 48    3 00  10 27   21 11  .....    99   7 36.8  25 05
Thu Dec 31/Fri Jan 01  9215.6    5 02 22   20 42  22 02   5 28  6 48    3 04  10 31   22 01  .....    96   8 33.6  23 18
