  Date (eve/morn)      JDmid    LMSTmidn   ---------- Sun: ---------   LST twilight:  ------------- Moon: --------------
  (2021 at start)    (-2450000)            set  twi.end twi.beg rise    eve    morn    rise   set  %illum   RA      Dec
Wed Sep 01/Thu Sep 02  9459.7   22 04 32   18 38  19 46   5 36  6 45   17 50   3 41    3 37  .....    23   6 53.4  25 57
Thu Sep 02/Fri Sep 03  9460.7   22 08 28   18 38  19 47   5 35  6 44   17 54   3 44    4 27  .....    16   7 47.4  25 05
Fri Sep 03/Sat Sep 04  9461.7   22 12 25   18 38  19 47   5 34  6 43   17 59   3 47    5 14  .....     9   8 41.3  22 57
Sat Sep 04/Sun Sep 05  9462.7   22 16 21   18 39  19 47   5 33  6 41   18 03   3 50    5 58  16 29     4   9 34.3  19 39
Sun Sep 05/Mon Sep 06  9463.7   22 20 18   18 39  19 48   5 32  6 40   18 07   3 53    6 38  17 29     1  10 26.2  15 18
Mon Sep 06/Tue Sep 07  9464.7   22 24 14   18 39  19 48   5 31  6 39   18 11   3 56    7 16  18 29     0  11 17.0  10 07
Tue Sep 07/Wed Sep 08  9465.7   22 28 11   18 40  19 48   5 30  6 38   18 16   3 59   .....  19 29     2  12 07.2   4 21
Wed Sep 08/Thu Sep 09  9466.7   22 32 07   18 40  19 49   5 29  6 37   18 20   4 02   .....  20 29     6  12 57.4 - 1 43
Thu Sep 09/Fri Sep 10  9467.7   22 36 04   18 41  19 49   5 28  6 36   18 24   4 05   .....  21 31    12  13 48.5 - 7 46
Fri Sep 10/Sat Sep 11  9468.7   22 40 01   18 41  19 49   5 27  6 35   18 29   4 08   .....  22 34    20  14 41.5 -13 28
Sat Sep 11/Sun Sep 12  9469.7   22 43 57   18 41  19 50   5 26  6 34   18 33   4 11   .....  23 39    30  15 37.0 -18 27
Sun Sep 12/Mon Sep 13  9470.7   22 47 54   18 42  19 50   5 25  6 33   18 37   4 14   .....   0 45    41  16 35.5 -22 21
Mon Sep 13/Tue Sep 14  9471.7   22 51 50   18 42  19 50   5 24  6 32   18 41   4 17   .....   1 51    53  17 36.6 -24 52
Tue Sep 14/Wed Sep 15  9472.7   22 55 47   18 42  19 51   5 23  6 31   18 46   4 19   .....   2 53    64  18 39.0 -25 47
Wed Sep 15/Thu Sep 16  9473.7   22 59 43   18 43  19 51   5 22  6 30   18 50   4 22   .....   3 50    74  19 41.1 -25 02
Thu Sep 16/Fri Sep 17  9474.7   23 03 40   18 43  19 51   5 21  6 29   18 54   4 25   .....   4 41    84  20 41.2 -22 42
Fri Sep 17/Sat Sep 18  9475.7   23 07 36   18 43  19 52   5 19  6 28   18 59   4 28   .....   5 25    91  21 38.1 -19 05
Sat Sep 18/Sun Sep 19  9476.7   23 11 33   18 44  19 52   5 18  6 27   19 03   4 31   .....   6 04    96  22 31.5 -14 28
Sun Sep 19/Mon Sep 20  9477.7   23 15 30   18 44  19 52   5 17  6 26   19 07   4 34   17 27   6 40    99  23 21.7 - 9 13
Mon Sep 20/Tue Sep 21  9478.7   23 19 26   18 44  19 53   5 16  6 25   19 12   4 36   18 23   7 13   100   0 09.5 - 3 39
Tue Sep 21/Wed Sep 22  9479.7   23 23 23   18 45  19 53   5 15  6 24   19 16   4 39   19 17  .....    98   0 55.7   1 59
Wed Sep 22/Thu Sep 23  9480.7   23 27 19   18 45  19 54   5 14  6 23   19 20   4 42   20 10  .....    95   1 41.3   7 27
Thu Sep 23/Fri Sep 24  9481.7   23 31 16   18 45  19 54   5 13  6 21   19 25   4 45   21 02  .....    90   2 27.0  12 31
Fri Sep 24/Sat Sep 25  9482.7   23 35 12   18 46  19 55   5 12  6 20   19 29   4 48   21 55  .....    83   3 13.6  17 02
Sat Sep 25/Sun Sep 26  9483.7   23 39 09   18 46  19 55   5 11  6 19   19 33   4 51   22 48  .....    76   4 01.6  20 49
Sun Sep 26/Mon Sep 27  9484.7   23 43 05   18 47  19 55   5 10  6 18   19 38   4 53   23 42  .....    67   4 51.3  23 43
Mon Sep 27/Tue Sep 28  9485.7   23 47 02   18 47  19 56   5 08  6 17   19 42   4 56    0 35  .....    58   5 42.8  25 36
Tue Sep 28/Wed Sep 29  9486.7   23 50 59   18 47  19 56   5 07  6 16   19 47   4 59    1 28  .....    48   6 35.6  26 21
Wed Sep 29/Thu Sep 30  9487.7   23 54 55   18 48  19 57   5 06  6 15   19 51   5 02    2 19  .....    39   7 29.1  25 54
Thu Sep 30/Fri Oct 01  9488.7   23 58 52   18 48  19 57   5 05  6 14   19 55   5 05    3 06  .....    30   8 22.7  24 11
