  Date (eve/morn)      JDmid    LMSTmidn   ---------- Sun: ---------   LST twilight:  ------------- Moon: --------------
  (2011 at start)    (-2450000)            set  twi.end twi.beg rise    eve    morn    rise   set  %illum   RA      Dec
Sat Oct 01/Sun Oct 02  5836.7    0 00 31   18 48  19 57   5 05  6 14   19 57   5 06   .....  23 40    28  16 45.9 -22 14
Sun Oct 02/Mon Oct 03  5837.7    0 04 28   18 49  19 58   5 03  6 13   20 02   5 09   .....   0 38    39  17 45.8 -22 04
Mon Oct 03/Tue Oct 04  5838.7    0 08 25   18 49  19 58   5 02  6 12   20 06   5 12   .....   1 29    50  18 43.3 -20 35
Tue Oct 04/Wed Oct 05  5839.7    0 12 21   18 49  19 59   5 01  6 11   20 11   5 14   .....   2 15    60  19 37.8 -18 01
Wed Oct 05/Thu Oct 06  5840.7    0 16 18   18 50  19 59   5 00  6 10   20 15   5 17   .....   2 56    70  20 29.3 -14 35
Thu Oct 06/Fri Oct 07  5841.7    0 20 14   18 50  20 00   4 59  6 09   20 20   5 20   .....   3 33    79  21 18.1 -10 32
Fri Oct 07/Sat Oct 08  5842.7    0 24 11   18 51  20 00   4 58  6 08   20 24   5 23   .....   4 07    86  22 04.8 - 6 06
Sat Oct 08/Sun Oct 09* 5843.7    0 28 07   18 51  20 01   5 57  7 07   20 28   5 26   .....   5 40    92  22 50.2 - 1 27
Sun Oct 09/Mon Oct 10  5844.6   23 31 54   19 52  21 02   5 56  7 06   20 33   5 29   17 47   6 12    96  23 33.9   3 02
Mon Oct 10/Tue Oct 11  5845.6   23 35 51   19 52  21 02   5 55  7 05   20 37   5 31   18 37   6 45    99   0 18.7   7 35
Tue Oct 11/Wed Oct 12  5846.6   23 39 47   19 53  21 03   5 53  7 04   20 42   5 34   19 28  .....   100   1 04.2  11 50
Wed Oct 12/Thu Oct 13  5847.6   23 43 44   19 53  21 03   5 52  7 03   20 47   5 37   20 19  .....    99   1 50.9  15 38
Thu Oct 13/Fri Oct 14  5848.6   23 47 40   19 53  21 04   5 51  7 02   20 51   5 40   21 11  .....    96   2 39.2  18 48
Fri Oct 14/Sat Oct 15  5849.6   23 51 37   19 54  21 04   5 50  7 01   20 56   5 43   22 03  .....    92   3 29.1  21 11
Sat Oct 15/Sun Oct 16  5850.6   23 55 33   19 54  21 05   5 49  7 00   21 00   5 46   22 55  .....    85   4 20.6  22 39
Sun Oct 16/Mon Oct 17  5851.6   23 59 30   19 55  21 06   5 48  6 59   21 05   5 49   23 46  .....    78   5 13.3  23 05
Mon Oct 17/Tue Oct 18  5852.6    0 03 26   19 55  21 06   5 47  6 58   21 09   5 51    0 36  .....    69   6 06.7  22 26
Tue Oct 18/Wed Oct 19  5853.6    0 07 23   19 56  21 07   5 46  6 57   21 14   5 54    1 24  .....    60   7 00.1  20 41
Wed Oct 19/Thu Oct 20  5854.6    0 11 20   19 56  21 08   5 45  6 56   21 19   5 57    2 09  .....    50   7 53.1  17 53
Thu Oct 20/Fri Oct 21  5855.6    0 15 16   19 57  21 08   5 44  6 55   21 23   6 00    2 51  .....    39   8 45.7  14 08
Fri Oct 21/Sat Oct 22  5856.6    0 19 13   19 57  21 09   5 43  6 55   21 28   6 03    3 33  .....    29   9 37.9   9 35
Sat Oct 22/Sun Oct 23  5857.6    0 23 09   19 58  21 10   5 42  6 54   21 32   6 06    4 13  .....    19  10 30.4   4 25
Sun Oct 23/Mon Oct 24  5858.6    0 27 06   19 59  21 10   5 41  6 53   21 37   6 09    4 55  .....    11  11 23.6 - 1 06
Mon Oct 24/Tue Oct 25  5859.6    0 31 02   19 59  21 11   5 40  6 52   21 42   6 12    5 37  17 51     5  12 18.4 - 6 39
Tue Oct 25/Wed Oct 26  5860.6    0 34 59   20 00  21 12   5 39  6 51   21 46   6 15    6 23  18 57     1  13 15.4 -11 52
Wed Oct 26/Thu Oct 27  5861.6    0 38 55   20 00  21 13   5 38  6 50   21 51   6 18   .....  20 06     0  14 14.9 -16 21
Thu Oct 27/Fri Oct 28  5862.6    0 42 52   20 01  21 13   5 37  6 50   21 56   6 21   .....  21 15     2  15 16.5 -19 42
Fri Oct 28/Sat Oct 29  5863.6    0 46 49   20 01  21 14   5 36  6 49   22 01   6 24   .....  22 22     7  16 19.3 -21 38
Sat Oct 29/Sun Oct 30  5864.6    0 50 45   20 02  21 15   5 35  6 48   22 05   6 27   .....  23 24    15  17 21.7 -22 02
Sun Oct 30/Mon Oct 31  5865.6    0 54 42   20 03  21 16   5 34  6 48   22 10   6 30   .....   0 20    23  18 21.9 -21 00
Mon Oct 31/Tue Nov 01  5866.6    0 58 38   20 03  21 17   5 34  6 47   22 15   6 33   .....   1 10    33  19 19.0 -18 44
