  Date (eve/morn)      JDmid    LMSTmidn   ---------- Sun: ---------   LST twilight:  ------------- Moon: --------------
  (2011 at start)    (-2450000)            set  twi.end twi.beg rise    eve    morn    rise   set  %illum   RA      Dec
Sat Jan 01/Sun Jan 02  5563.6    5 04 02   20 42  22 02   5 28  6 49    3 06  10 33    5 03  18 29     5  16 51.3 -23 28
Sun Jan 02/Mon Jan 03  5564.6    5 07 59   20 42  22 03   5 29  6 49    3 10  10 38    6 00  19 26     2  17 48.3 -23 12
Mon Jan 03/Tue Jan 04  5565.6    5 11 55   20 43  22 03   5 30  6 50    3 14  10 43   .....  20 17     0  18 43.7 -21 41
Tue Jan 04/Wed Jan 05  5566.6    5 15 52   20 43  22 03   5 31  6 51    3 18  10 48   .....  21 03     1  19 36.5 -19 03
Wed Jan 05/Thu Jan 06  5567.6    5 19 48   20 43  22 03   5 32  6 51    3 22  10 52   .....  21 43     3  20 26.5 -15 34
Thu Jan 06/Fri Jan 07  5568.6    5 23 45   20 43  22 03   5 32  6 52    3 26  10 57   .....  22 20     7  21 13.9 -11 26
Fri Jan 07/Sat Jan 08  5569.6    5 27 41   20 43  22 03   5 33  6 53    3 30  11 02   .....  22 53    13  21 59.1 - 6 54
Sat Jan 08/Sun Jan 09  5570.6    5 31 38   20 44  22 03   5 34  6 54    3 34  11 07   .....  23 25    20  22 42.8 - 2 08
Sun Jan 09/Mon Jan 10  5571.6    5 35 34   20 44  22 03   5 35  6 54    3 38  11 12   .....  23 56    28  23 26.0   2 43
Mon Jan 10/Tue Jan 11  5572.6    5 39 31   20 44  22 03   5 36  6 55    3 42  11 16   .....   0 28    37   0 09.4   7 29
Tue Jan 11/Wed Jan 12  5573.6    5 43 28   20 44  22 03   5 37  6 56    3 46  11 21   .....   1 01    46   0 54.0  12 02
Wed Jan 12/Thu Jan 13  5574.6    5 47 24   20 44  22 03   5 38  6 57    3 50  11 26   .....   1 36    56   1 40.5  16 13
Thu Jan 13/Fri Jan 14  5575.6    5 51 21   20 44  22 02   5 39  6 57    3 53  11 31   .....   2 16    65   2 30.0  19 50
Fri Jan 14/Sat Jan 15  5576.6    5 55 17   20 44  22 02   5 40  6 58    3 57  11 36   .....   3 00    75   3 22.7  22 39
Sat Jan 15/Sun Jan 16  5577.6    5 59 14   20 44  22 02   5 41  6 59    4 01  11 41   .....   3 50    83   4 19.0  24 26
Sun Jan 16/Mon Jan 17  5578.6    6 03 10   20 44  22 02   5 41  7 00    4 05  11 46   17 41   4 47    90   5 18.1  24 55
Mon Jan 17/Tue Jan 18  5579.6    6 07 07   20 43  22 01   5 42  7 00    4 08  11 50   18 38   5 48    96   6 19.1  23 57
Tue Jan 18/Wed Jan 19  5580.6    6 11 03   20 43  22 01   5 43  7 01    4 12  11 55   19 32  .....    99   7 20.2  21 27
Wed Jan 19/Thu Jan 20  5581.6    6 15 00   20 43  22 01   5 44  7 02    4 15  12 00   20 21  .....   100   8 20.1  17 35
Thu Jan 20/Fri Jan 21  5582.6    6 18 57   20 43  22 00   5 45  7 03    4 19  12 05   21 07  .....    98   9 18.0  12 36
Fri Jan 21/Sat Jan 22  5583.6    6 22 53   20 43  22 00   5 46  7 03    4 23  12 10   21 50  .....    93  10 14.0   6 54
Sat Jan 22/Sun Jan 23  5584.6    6 26 50   20 43  22 00   5 47  7 04    4 26  12 15   22 30  .....    85  11 08.4   0 52
Sun Jan 23/Mon Jan 24  5585.6    6 30 46   20 42  21 59   5 48  7 05    4 30  12 20   23 10  .....    76  12 02.0 - 5 06
Mon Jan 24/Tue Jan 25  5586.6    6 34 43   20 42  21 59   5 49  7 06    4 33  12 25   23 50  .....    65  12 55.7 -10 39
Tue Jan 25/Wed Jan 26  5587.6    6 38 39   20 42  21 58   5 50  7 07    4 36  12 30    0 32  .....    54  13 50.1 -15 27
Wed Jan 26/Thu Jan 27  5588.6    6 42 36   20 41  21 58   5 51  7 07    4 40  12 35    1 17  .....    43  14 45.6 -19 17
Thu Jan 27/Fri Jan 28  5589.6    6 46 32   20 41  21 57   5 52  7 08    4 43  12 40    2 06  .....    33  15 42.1 -21 57
Fri Jan 28/Sat Jan 29  5590.6    6 50 29   20 41  21 56   5 53  7 09    4 47  12 44    2 58  .....    23  16 38.9 -23 19
Sat Jan 29/Sun Jan 30  5591.6    6 54 26   20 40  21 56   5 54  7 10    4 50  12 49    3 54  17 20    15  17 35.3 -23 22
Sun Jan 30/Mon Jan 31  5592.6    6 58 22   20 40  21 55   5 55  7 10    4 53  12 54    4 50  18 12     8  18 30.2 -22 10
Mon Jan 31/Tue Feb 01  5593.6    7 02 19   20 39  21 55   5 56  7 11    4 57  12 59    5 47  18 59     4  19 23.0 -19 52
