  Date (eve/morn)      JDmid    LMSTmidn   ---------- Sun: ---------   LST twilight:  ------------- Moon: --------------
  (2014 at start)    (-2450000)            set  twi.end twi.beg rise    eve    morn    rise   set  %illum   RA      Dec
Mon Dec 01/Tue Dec 02  6993.6    3 01 56   20 25  21 44   5 17  6 36    0 46   8 20   .....   3 55    79   0 52.6   6 38
Tue Dec 02/Wed Dec 03  6994.6    3 05 53   20 26  21 45   5 17  6 36    0 51   8 24   .....   4 39    87   1 46.9  10 41
Wed Dec 03/Thu Dec 04  6995.6    3 09 49   20 27  21 46   5 17  6 36    0 56   8 28   17 36   5 24    94   2 41.9  14 08
Thu Dec 04/Fri Dec 05  6996.6    3 13 46   20 27  21 47   5 17  6 37    1 00   8 32   18 34   6 12    98   3 37.5  16 48
Fri Dec 05/Sat Dec 06  6997.6    3 17 42   20 28  21 48   5 17  6 37    1 05   8 36   19 31  .....   100   4 33.5  18 31
Sat Dec 06/Sun Dec 07  6998.6    3 21 39   20 29  21 49   5 17  6 37    1 10   8 40   20 26  .....    99   5 29.0  19 14
Sun Dec 07/Mon Dec 08  6999.6    3 25 35   20 29  21 49   5 17  6 37    1 15   8 44   21 18  .....    97   6 23.5  18 57
Mon Dec 08/Tue Dec 09  7000.6    3 29 32   20 30  21 50   5 17  6 37    1 19   8 48   22 06  .....    93   7 16.3  17 46
Tue Dec 09/Wed Dec 10  7001.6    3 33 29   20 31  21 51   5 17  6 37    1 24   8 52   22 50  .....    87   8 07.1  15 47
Wed Dec 10/Thu Dec 11  7002.6    3 37 25   20 32  21 52   5 17  6 38    1 29   8 56   23 31  .....    80   8 55.9  13 11
Thu Dec 11/Fri Dec 12  7003.6    3 41 22   20 32  21 53   5 18  6 38    1 34   9 00    0 09  .....    71   9 42.8  10 05
Fri Dec 12/Sat Dec 13  7004.6    3 45 18   20 33  21 53   5 18  6 38    1 38   9 04    0 46  .....    63  10 28.5   6 38
Sat Dec 13/Sun Dec 14  7005.6    3 49 15   20 33  21 54   5 18  6 39    1 43   9 08    1 21  .....    53  11 13.5   2 59
Sun Dec 14/Mon Dec 15  7006.6    3 53 11   20 34  21 55   5 18  6 39    1 47   9 12    1 56  .....    44  11 58.4 - 0 48
Mon Dec 15/Tue Dec 16  7007.6    3 57 08   20 35  21 55   5 19  6 39    1 52   9 17    2 32  .....    35  12 44.1 - 4 34
Tue Dec 16/Wed Dec 17  7008.6    4 01 04   20 35  21 56   5 19  6 40    1 57   9 21    3 10  .....    26  13 31.1 - 8 11
Wed Dec 17/Thu Dec 18  7009.6    4 05 01   20 36  21 56   5 19  6 40    2 01   9 25    3 51  .....    18  14 20.3 -11 31
Thu Dec 18/Fri Dec 19  7010.6    4 08 58   20 36  21 57   5 20  6 41    2 06   9 30    4 36  .....    10  15 11.9 -14 22
Fri Dec 19/Sat Dec 20  7011.6    4 12 54   20 37  21 58   5 20  6 41    2 10   9 34    5 25  18 20     5  16 06.4 -16 31
Sat Dec 20/Sun Dec 21  7012.6    4 16 51   20 37  21 58   5 21  6 42    2 15   9 39    6 19  19 18     1  17 03.4 -17 47
Sun Dec 21/Mon Dec 22  7013.6    4 20 47   20 38  21 59   5 21  6 42    2 19   9 43   .....  20 17     0  18 02.4 -17 57
Mon Dec 22/Tue Dec 23  7014.6    4 24 44   20 38  21 59   5 22  6 43    2 24   9 47   .....  21 14     2  19 02.2 -16 58
Tue Dec 23/Wed Dec 24  7015.6    4 28 40   20 39  22 00   5 22  6 43    2 28   9 52   .....  22 08     6  20 01.7 -14 50
Wed Dec 24/Thu Dec 25  7016.6    4 32 37   20 39  22 00   5 23  6 44    2 32   9 56   .....  22 58    12  21 00.2 -11 43
Thu Dec 25/Fri Dec 26  7017.6    4 36 33   20 40  22 00   5 24  6 44    2 37  10 01   .....  23 46    21  21 57.0 - 7 52
Fri Dec 26/Sat Dec 27  7018.6    4 40 30   20 40  22 01   5 24  6 45    2 41  10 06   .....   0 30    31  22 52.3 - 3 32
Sat Dec 27/Sun Dec 28  7019.6    4 44 27   20 41  22 01   5 25  6 45    2 45  10 10   .....   1 13    42  23 46.4   0 59
Sun Dec 28/Mon Dec 29  7020.6    4 48 23   20 41  22 01   5 25  6 46    2 50  10 15   .....   1 55    53   0 39.9   5 25
Mon Dec 29/Tue Dec 30  7021.6    4 52 20   20 41  22 02   5 26  6 47    2 54  10 19   .....   2 38    64   1 33.2   9 33
Tue Dec 30/Wed Dec 31  7022.6    4 56 16   20 42  22 02   5 27  6 47    2 58  10 24   .....   3 22    74   2 26.9  13 08
Wed Dec 31/Thu Jan 01  7023.6    5 00 13   20 42  22 02   5 28  6 48    3 02  10 29   .....   4 08    83   3 21.1  16 01
