  Date (eve/morn)      JDmid    LMSTmidn   ---------- Sun: ---------   LST twilight:  ------------- Moon: --------------
  (2022 at start)    (-2450000)            set  twi.end twi.beg rise    eve    morn    rise   set  %illum   RA      Dec
Tue Nov 01/Wed Nov 02  9885.6    1 03 54   20 04  21 18   5 32  6 46   22 21   6 37   .....   3 26    59  21 36.9 -19 19
Wed Nov 02/Thu Nov 03  9886.6    1 07 51   20 05  21 18   5 32  6 45   22 26   6 40   .....   4 06    70  22 31.6 -14 07
Thu Nov 03/Fri Nov 04  9887.6    1 11 47   20 05  21 19   5 31  6 45   22 31   6 43   .....   4 42    80  23 23.2 - 8 12
Fri Nov 04/Sat Nov 05  9888.6    1 15 44   20 06  21 20   5 30  6 44   22 35   6 47   .....   5 16    88   0 12.6 - 1 57
Sat Nov 05/Sun Nov 06  9889.6    1 19 41   20 07  21 21   5 29  6 43   22 40   6 50   17 27   5 49    94   1 01.0   4 19
Sun Nov 06/Mon Nov 07  9890.6    1 23 37   20 07  21 22   5 28  6 43   22 45   6 53   18 24   6 23    98   1 49.3  10 20
Mon Nov 07/Tue Nov 08  9891.6    1 27 34   20 08  21 23   5 28  6 42   22 50   6 56   19 21  .....   100   2 38.5  15 48
Tue Nov 08/Wed Nov 09  9892.6    1 31 30   20 09  21 24   5 27  6 42   22 55   6 59   20 18  .....    99   3 29.1  20 29
Wed Nov 09/Thu Nov 10  9893.6    1 35 27   20 09  21 25   5 26  6 41   23 00   7 03   21 16  .....    97   4 21.3  24 09
Thu Nov 10/Fri Nov 11  9894.6    1 39 23   20 10  21 25   5 26  6 41   23 04   7 06   22 13  .....    93   5 15.0  26 39
Fri Nov 11/Sat Nov 12  9895.6    1 43 20   20 11  21 26   5 25  6 40   23 09   7 09   23 08  .....    87   6 09.4  27 50
Sat Nov 12/Sun Nov 13  9896.6    1 47 16   20 11  21 27   5 24  6 40   23 14   7 12   23 59  .....    80   7 03.4  27 44
Sun Nov 13/Mon Nov 14  9897.6    1 51 13   20 12  21 28   5 24  6 40   23 19   7 16    0 47  .....    72   7 56.2  26 21
Mon Nov 14/Tue Nov 15  9898.6    1 55 10   20 13  21 29   5 23  6 39   23 24   7 19    1 29  .....    63   8 47.0  23 51
Tue Nov 15/Wed Nov 16  9899.6    1 59 06   20 14  21 30   5 22  6 39   23 29   7 22    2 08  .....    54   9 35.6  20 22
Wed Nov 16/Thu Nov 17  9900.6    2 03 03   20 14  21 31   5 22  6 38   23 33   7 26    2 43  .....    44  10 22.4  16 03
Thu Nov 17/Fri Nov 18  9901.6    2 06 59   20 15  21 32   5 21  6 38   23 38   7 29    3 16  .....    35  11 07.8  11 04
Fri Nov 18/Sat Nov 19  9902.6    2 10 56   20 16  21 33   5 21  6 38   23 43   7 33    3 47  .....    26  11 52.6   5 34
Sat Nov 19/Sun Nov 20  9903.6    2 14 52   20 16  21 34   5 20  6 38   23 48   7 36    4 19  .....    17  12 38.0 - 0 16
Sun Nov 20/Mon Nov 21  9904.6    2 18 49   20 17  21 35   5 20  6 37   23 53   7 40    4 53  .....    10  13 24.8 - 6 15
Mon Nov 21/Tue Nov 22  9905.6    2 22 45   20 18  21 35   5 20  6 37   23 58   7 43    5 29  18 08     4  14 14.3 -12 08
Tue Nov 22/Wed Nov 23  9906.6    2 26 42   20 19  21 36   5 19  6 37    0 03   7 47    6 11  19 11     1  15 07.6 -17 33
Wed Nov 23/Thu Nov 24  9907.6    2 30 39   20 19  21 37   5 19  6 37    0 08   7 50   .....  20 18     0  16 05.3 -22 05
Thu Nov 24/Fri Nov 25  9908.6    2 34 35   20 20  21 38   5 19  6 37    0 12   7 54   .....  21 27     2  17 07.3 -25 18
Fri Nov 25/Sat Nov 26  9909.6    2 38 32   20 21  21 39   5 18  6 36    0 17   7 58   .....  22 36     6  18 12.5 -26 48
Sat Nov 26/Sun Nov 27  9910.6    2 42 28   20 22  21 40   5 18  6 36    0 22   8 01   .....  23 40    13  19 18.4 -26 23
Sun Nov 27/Mon Nov 28  9911.6    2 46 25   20 22  21 41   5 18  6 36    0 27   8 05   .....   0 37    22  20 22.3 -24 05
Mon Nov 28/Tue Nov 29  9912.6    2 50 21   20 23  21 42   5 18  6 36    0 32   8 09   .....   1 25    33  21 22.5 -20 14
Tue Nov 29/Wed Nov 30  9913.6    2 54 18   20 24  21 43   5 17  6 36    0 37   8 13   .....   2 07    44  22 18.4 -15 14
Wed Nov 30/Thu Dec 01  9914.6    2 58 14   20 25  21 44   5 17  6 36    0 41   8 16   .....   2 44    55  23 10.5 - 9 29
