  Date (eve/morn)      JDmid    LMSTmidn   ---------- Sun: ---------   LST twilight:  ------------- Moon: --------------
  (2014 at start)    (-2450000)            set  twi.end twi.beg rise    eve    morn    rise   set  %illum   RA      Dec
Wed Oct 01/Thu Oct 02  6932.7    0 01 36   18 48  19 58   5 04  6 13   19 58   5 07   .....   1 38    53  18 52.6 -17 12
Thu Oct 02/Fri Oct 03  6933.7    0 05 33   18 49  19 58   5 03  6 12   20 03   5 10   .....   2 30    65  19 51.1 -15 13
Fri Oct 03/Sat Oct 04  6934.7    0 09 29   18 49  19 59   5 02  6 11   20 07   5 12   .....   3 19    75  20 49.6 -12 13
Sat Oct 04/Sun Oct 05  6935.7    0 13 26   18 50  19 59   5 01  6 10   20 12   5 15   .....   4 07    85  21 47.6 - 8 22
Sun Oct 05/Mon Oct 06  6936.7    0 17 22   18 50  20 00   5 00  6 09   20 16   5 18   .....   4 53    93  22 45.2 - 3 54
Mon Oct 06/Tue Oct 07  6937.7    0 21 19   18 50  20 00   4 59  6 08   20 21   5 21   16 58   5 38    98  23 42.3   0 50
Tue Oct 07/Wed Oct 08  6938.7    0 25 15   18 51  20 01   4 58  6 07   20 25   5 24   18 01   6 23   100   0 39.2   5 32
Wed Oct 08/Thu Oct 09  6939.7    0 29 12   18 51  20 01   4 56  6 06   20 30   5 26   19 04  .....    99   1 36.1   9 51
Thu Oct 09/Fri Oct 10  6940.7    0 33 09   18 52  20 02   4 55  6 05   20 34   5 29   20 06  .....    96   2 32.9  13 30
Fri Oct 10/Sat Oct 11  6941.7    0 37 05   18 52  20 02   4 54  6 04   20 39   5 32   21 06  .....    90   3 29.4  16 18
Sat Oct 11/Sun Oct 12* 6942.7    0 41 02   18 53  20 03   5 53  7 03   20 43   5 35   22 03  .....    83   4 25.3  18 06
Sun Oct 12/Mon Oct 13  6943.6   23 44 48   19 53  21 03   5 52  7 02   20 48   5 38   23 58  .....    75   5 18.1  18 50
Mon Oct 13/Tue Oct 14  6944.6   23 48 45   19 54  21 04   5 51  7 01   20 52   5 41    0 48  .....    65   6 11.2  18 43
Tue Oct 14/Wed Oct 15  6945.6   23 52 42   19 54  21 05   5 50  7 01   20 57   5 44    1 35  .....    56   7 02.5  17 44
Wed Oct 15/Thu Oct 16  6946.6   23 56 38   19 55  21 05   5 49  7 00   21 01   5 46    2 19  .....    46   7 52.0  15 59
Thu Oct 16/Fri Oct 17  6947.6    0 00 35   19 55  21 06   5 48  6 59   21 06   5 49    2 59  .....    37   8 39.8  13 37
Fri Oct 17/Sat Oct 18  6948.6    0 04 31   19 56  21 07   5 47  6 58   21 11   5 52    3 37  .....    28   9 26.2  10 43
Sat Oct 18/Sun Oct 19  6949.6    0 08 28   19 56  21 07   5 46  6 57   21 15   5 55    4 14  .....    20  10 11.7   7 26
Sun Oct 19/Mon Oct 20  6950.6    0 12 24   19 57  21 08   5 45  6 56   21 20   5 58    4 50  .....    13  10 56.7   3 51
Mon Oct 20/Tue Oct 21  6951.6    0 16 21   19 57  21 09   5 44  6 55   21 24   6 01    5 26  17 19     8  11 41.9   0 05
Tue Oct 21/Wed Oct 22  6952.6    0 20 17   19 58  21 09   5 43  6 54   21 29   6 04    6 02  18 10     3  12 27.8 - 3 43
Wed Oct 22/Thu Oct 23  6953.6    0 24 14   19 58  21 10   5 42  6 53   21 34   6 07    6 41  19 02     1  13 15.0 - 7 24
Thu Oct 23/Fri Oct 24  6954.6    0 28 11   19 59  21 11   5 41  6 53   21 38   6 10   .....  19 56     0  14 03.9 -10 50
Fri Oct 24/Sat Oct 25  6955.6    0 32 07   19 59  21 11   5 40  6 52   21 43   6 13   .....  20 52     1  14 54.8 -13 48
Sat Oct 25/Sun Oct 26  6956.6    0 36 04   20 00  21 12   5 39  6 51   21 48   6 16   .....  21 48     5  15 47.8 -16 07
Sun Oct 26/Mon Oct 27  6957.6    0 40 00   20 00  21 13   5 38  6 50   21 52   6 19   .....  22 45    11  16 42.9 -17 35
Mon Oct 27/Tue Oct 28  6958.6    0 43 57   20 01  21 14   5 37  6 50   21 57   6 22   .....  23 41    18  17 39.5 -18 05
Tue Oct 28/Wed Oct 29  6959.6    0 47 53   20 02  21 14   5 36  6 49   22 02   6 25   .....   0 35    28  18 37.0 -17 30
Wed Oct 29/Thu Oct 30  6960.6    0 51 50   20 02  21 15   5 35  6 48   22 07   6 28   .....   1 27    38  19 34.7 -15 51
Thu Oct 30/Fri Oct 31  6961.6    0 55 46   20 03  21 16   5 34  6 47   22 11   6 31   .....   2 16    49  20 31.9 -13 12
Fri Oct 31/Sat Nov 01  6962.6    0 59 43   20 03  21 17   5 33  6 47   22 16   6 34   .....   3 02    61  21 28.4 - 9 42
