  Date (eve/morn)      JDmid    LMSTmidn   ---------- Sun: ---------   LST twilight:  ------------- Moon: --------------
  (2011 at start)    (-2450000)            set  twi.end twi.beg rise    eve    morn    rise   set  %illum   RA      Dec
Thu Sep 01/Fri Sep 02  5806.7   22 02 15   18 38  19 46   5 37  6 45   17 48   3 40   .....  22 41    22  14 05.0 -16 11
Fri Sep 02/Sat Sep 03  5807.7   22 06 11   18 38  19 46   5 36  6 44   17 52   3 43   .....  23 46    32  15 03.6 -19 41
Sat Sep 03/Sun Sep 04  5808.7   22 10 08   18 38  19 47   5 35  6 43   17 56   3 46   .....   0 50    43  16 03.2 -21 55
Sun Sep 04/Mon Sep 05  5809.7   22 14 04   18 39  19 47   5 34  6 42   18 00   3 49   .....   1 49    54  17 02.7 -22 45
Mon Sep 05/Tue Sep 06  5810.7   22 18 01   18 39  19 47   5 33  6 41   18 05   3 52   .....   2 43    65  18 01.2 -22 13
Tue Sep 06/Wed Sep 07  5811.7   22 21 58   18 39  19 48   5 32  6 40   18 09   3 55   .....   3 32    74  18 57.6 -20 26
Wed Sep 07/Thu Sep 08  5812.7   22 25 54   18 40  19 48   5 31  6 39   18 13   3 57   .....   4 16    83  19 51.4 -17 36
Thu Sep 08/Fri Sep 09  5813.7   22 29 51   18 40  19 48   5 30  6 38   18 18   4 00   .....   4 55    90  20 42.4 -13 56
Fri Sep 09/Sat Sep 10  5814.7   22 33 47   18 40  19 49   5 29  6 37   18 22   4 03   .....   5 31    95  21 31.0 - 9 42
Sat Sep 10/Sun Sep 11  5815.7   22 37 44   18 41  19 49   5 28  6 36   18 26   4 06   17 09   6 05    98  22 17.6 - 5 06
Sun Sep 11/Mon Sep 12  5816.7   22 41 40   18 41  19 49   5 27  6 35   18 30   4 09   18 01   6 38   100  23 03.0 - 0 21
Mon Sep 12/Tue Sep 13  5817.7   22 45 37   18 41  19 50   5 25  6 34   18 35   4 12   18 51   7 11    99  23 47.9   4 23
Tue Sep 13/Wed Sep 14  5818.7   22 49 33   18 42  19 50   5 24  6 33   18 39   4 15   19 42  .....    97   0 32.8   8 55
Wed Sep 14/Thu Sep 15  5819.7   22 53 30   18 42  19 50   5 23  6 32   18 43   4 18   20 32  .....    93   1 18.5  13 05
Thu Sep 15/Fri Sep 16  5820.7   22 57 27   18 42  19 51   5 22  6 31   18 48   4 21   21 23  .....    87   2 05.5  16 43
Fri Sep 16/Sat Sep 17  5821.7   23 01 23   18 43  19 51   5 21  6 30   18 52   4 23   22 15  .....    80   2 54.1  19 42
Sat Sep 17/Sun Sep 18  5822.7   23 05 20   18 43  19 52   5 20  6 28   18 56   4 26   23 08  .....    72   3 44.4  21 51
Sun Sep 18/Mon Sep 19  5823.7   23 09 16   18 43  19 52   5 19  6 27   19 00   4 29    0 00  .....    63   4 36.5  23 02
Mon Sep 19/Tue Sep 20  5824.7   23 13 13   18 44  19 52   5 18  6 26   19 05   4 32    0 52  .....    53   5 30.0  23 10
Tue Sep 20/Wed Sep 21  5825.7   23 17 09   18 44  19 53   5 17  6 25   19 09   4 35    1 42  .....    43   6 24.2  22 09
Wed Sep 21/Thu Sep 22  5826.7   23 21 06   18 44  19 53   5 16  6 24   19 13   4 38    2 30  .....    33   7 18.8  19 59
Thu Sep 22/Fri Sep 23  5827.7   23 25 02   18 45  19 53   5 15  6 23   19 18   4 41    3 16  .....    24   8 13.2  16 44
Fri Sep 23/Sat Sep 24  5828.7   23 28 59   18 45  19 54   5 14  6 22   19 22   4 43    3 59  .....    15   9 07.3  12 30
Sat Sep 24/Sun Sep 25  5829.7   23 32 56   18 46  19 54   5 12  6 21   19 27   4 46    4 41  .....     8  10 01.1   7 28
Sun Sep 25/Mon Sep 26  5830.7   23 36 52   18 46  19 55   5 11  6 20   19 31   4 49    5 23  17 03     3  10 55.2   1 55
Mon Sep 26/Tue Sep 27  5831.7   23 40 49   18 46  19 55   5 10  6 19   19 35   4 52    6 06  18 08     0  11 50.0 - 3 49
Tue Sep 27/Wed Sep 28  5832.7   23 44 45   18 47  19 56   5 09  6 18   19 40   4 55    6 50  19 15     1  12 46.2 - 9 21
Wed Sep 28/Thu Sep 29  5833.7   23 48 42   18 47  19 56   5 08  6 17   19 44   4 57   .....  20 22     4  13 44.2 -14 18
Thu Sep 29/Fri Sep 30  5834.7   23 52 38   18 47  19 56   5 07  6 16   19 48   5 00   .....  21 30    10  14 43.9 -18 16
Fri Sep 30/Sat Oct 01  5835.7   23 56 35   18 48  19 57   5 06  6 15   19 53   5 03   .....  22 37    19  15 44.9 -20 58
