  Date (eve/morn)      JDmid    LMSTmidn   ---------- Sun: ---------   LST twilight:  ------------- Moon: --------------
  (2021 at start)    (-2450000)            set  twi.end twi.beg rise    eve    morn    rise   set  %illum   RA      Dec
Thu Apr 01/Fri Apr 02  9306.7   12 01 19   18 47  19 55   5 35  6 44    7 56  17 37   21 51  .....    74  16 51.4 -22 11
Fri Apr 02/Sat Apr 03  9307.7   12 05 15   18 46  19 54   5 36  6 44    7 59  17 42   22 45  .....    63  17 53.1 -24 23
Sat Apr 03/Sun Apr 04  9308.7   12 09 12   18 45  19 54   5 36  6 44    8 02  17 46   23 43  .....    52  18 54.4 -24 58
Sun Apr 04/Mon Apr 05  9309.7   12 13 08   18 44  19 53   5 36  6 45    8 05  17 50    0 43  .....    41  19 53.8 -24 01
Mon Apr 05/Tue Apr 06  9310.7   12 17 05   18 43  19 52   5 37  6 45    8 08  17 55    1 44  .....    31  20 50.2 -21 43
Tue Apr 06/Wed Apr 07  9311.7   12 21 01   18 42  19 51   5 37  6 46    8 11  17 59    2 43  .....    22  21 43.1 -18 21
Wed Apr 07/Thu Apr 08  9312.7   12 24 58   18 41  19 50   5 38  6 46    8 14  18 03    3 39  16 30    14  22 32.7 -14 12
Thu Apr 08/Fri Apr 09  9313.7   12 28 54   18 40  19 49   5 38  6 46    8 17  18 08    4 34  17 05     8  23 19.4 - 9 30
Fri Apr 09/Sat Apr 10  9314.7   12 32 51   18 39  19 48   5 38  6 47    8 20  18 12    5 26  17 39     4   0 04.1 - 4 29
Sat Apr 10/Sun Apr 11  9315.7   12 36 48   18 38  19 47   5 39  6 47    8 23  18 16    6 18  18 10     1   0 47.6   0 39
Sun Apr 11/Mon Apr 12  9316.7   12 40 44   18 37  19 46   5 39  6 48    8 26  18 21    7 08  18 41     0   1 30.7   5 43
Mon Apr 12/Tue Apr 13  9317.7   12 44 41   18 37  19 45   5 39  6 48    8 29  18 25   .....  19 12     1   2 14.2  10 34
Tue Apr 13/Wed Apr 14  9318.7   12 48 37   18 36  19 44   5 40  6 49    8 32  18 29   .....  19 45     4   2 58.6  15 01
Wed Apr 14/Thu Apr 15  9319.7   12 52 34   18 35  19 43   5 40  6 49    8 35  18 34   .....  20 21     8   3 44.7  18 56
Thu Apr 15/Fri Apr 16  9320.7   12 56 30   18 34  19 43   5 41  6 49    8 38  18 38   .....  20 59    14   4 32.9  22 06
Fri Apr 16/Sat Apr 17  9321.7   13 00 27   18 33  19 42   5 41  6 50    8 41  18 42   .....  21 42    21   5 23.1  24 24
Sat Apr 17/Sun Apr 18  9322.7   13 04 23   18 32  19 41   5 41  6 50    8 45  18 47   .....  22 29    29   6 15.4  25 39
Sun Apr 18/Mon Apr 19  9323.7   13 08 20   18 31  19 40   5 42  6 51    8 48  18 51   .....  23 21    38   7 09.2  25 44
Mon Apr 19/Tue Apr 20  9324.7   13 12 17   18 30  19 39   5 42  6 51    8 51  18 55   .....   0 16    48   8 03.8  24 33
Tue Apr 20/Wed Apr 21  9325.7   13 16 13   18 29  19 39   5 42  6 51    8 54  19 00   .....   1 14    58   8 58.4  22 07
Wed Apr 21/Thu Apr 22  9326.7   13 20 10   18 29  19 38   5 43  6 52    8 57  19 04   .....   2 14    68   9 52.6  18 28
Thu Apr 22/Fri Apr 23  9327.7   13 24 06   18 28  19 37   5 43  6 52    9 00  19 08   .....   3 15    78  10 46.3  13 43
Fri Apr 23/Sat Apr 24  9328.7   13 28 03   18 27  19 36   5 43  6 53    9 04  19 12   .....   4 17    87  11 39.6   8 05
Sat Apr 24/Sun Apr 25  9329.7   13 31 59   18 26  19 36   5 44  6 53    9 07  19 17   16 47   5 20    94  12 33.2   1 50
Sun Apr 25/Mon Apr 26  9330.7   13 35 56   18 25  19 35   5 44  6 54    9 10  19 21   17 26   6 25    98  13 28.0 - 4 41
Mon Apr 26/Tue Apr 27  9331.7   13 39 52   18 25  19 34   5 45  6 54    9 13  19 25   18 07   7 32   100  14 24.8 -11 01
Tue Apr 27/Wed Apr 28  9332.7   13 43 49   18 24  19 34   5 45  6 55    9 17  19 30   18 50  .....    98  15 24.3 -16 40
Wed Apr 28/Thu Apr 29  9333.7   13 47 46   18 23  19 33   5 45  6 55    9 20  19 34   19 39  .....    94  16 26.5 -21 10
Thu Apr 29/Fri Apr 30  9334.7   13 51 42   18 22  19 32   5 46  6 56    9 23  19 38   20 33  .....    86  17 30.6 -24 07
Fri Apr 30/Sat May 01  9335.7   13 55 39   18 22  19 32   5 46  6 56    9 27  19 43   21 31  .....    77  18 35.0 -25 18
