  Date (eve/morn)      JDmid    LMSTmidn   ---------- Sun: ---------   LST twilight:  ------------- Moon: --------------
  (2016 at start)    (-2450000)            set  twi.end twi.beg rise    eve    morn    rise   set  %illum   RA      Dec
Tue Mar 01/Wed Mar 02  7449.6    8 59 45   20 18  21 28   6 20  7 30    6 27  15 21    1 15  .....    48  16 55.3 -16 46
Wed Mar 02/Thu Mar 03  7450.6    9 03 42   20 17  21 27   6 20  7 30    6 30  15 25    2 03  .....    38  17 47.1 -17 34
Thu Mar 03/Fri Mar 04  7451.6    9 07 39   20 16  21 26   6 21  7 31    6 33  15 30    2 55  .....    28  18 40.5 -17 30
Fri Mar 04/Sat Mar 05  7452.6    9 11 35   20 15  21 25   6 22  7 31    6 36  15 34    3 52  .....    19  19 35.2 -16 28
Sat Mar 05/Sun Mar 06  7453.6    9 15 32   20 14  21 24   6 22  7 32    6 39  15 39    4 51  17 37    12  20 30.9 -14 27
Sun Mar 06/Mon Mar 07  7454.6    9 19 28   20 13  21 23   6 23  7 32    6 42  15 43    5 53  18 26     5  21 27.0 -11 31
Mon Mar 07/Tue Mar 08  7455.6    9 23 25   20 12  21 22   6 23  7 33    6 45  15 48    6 57  19 14     1  22 23.3 - 7 47
Tue Mar 08/Wed Mar 09  7456.6    9 27 21   20 11  21 21   6 24  7 33    6 47  15 52   .....  20 00     0  23 19.7 - 3 28
Wed Mar 09/Thu Mar 10  7457.6    9 31 18   20 10  21 19   6 25  7 34    6 50  15 57   .....  20 46     2   0 16.3   1 09
Thu Mar 10/Fri Mar 11  7458.6    9 35 14   20 09  21 18   6 25  7 34    6 53  16 01   .....  21 33     6   1 13.1   5 44
Fri Mar 11/Sat Mar 12  7459.6    9 39 11   20 08  21 17   6 26  7 35    6 56  16 06   .....  22 20    13   2 10.4   9 59
Sat Mar 12/Sun Mar 13* 7460.6    9 43 08   20 07  21 16   5 26  6 35    6 59  16 10   .....  23 09    22   3 08.2  13 35
Sun Mar 13/Mon Mar 14  7461.7   10 47 14   19 06  20 15   5 27  6 36    7 02  16 15   .....  23 00    32   4 08.7  16 21
Mon Mar 14/Tue Mar 15  7462.7   10 51 10   19 05  20 14   5 27  6 36    7 05  16 19   .....  23 52    43   5 06.5  18 02
Tue Mar 15/Wed Mar 16  7463.7   10 55 07   19 04  20 13   5 28  6 37    7 07  16 24   .....   0 46    54   6 03.7  18 40
Wed Mar 16/Thu Mar 17  7464.7   10 59 04   19 03  20 12   5 28  6 37    7 10  16 28   .....   1 41    65   6 59.6  18 16
Thu Mar 17/Fri Mar 18  7465.7   11 03 00   19 02  20 11   5 29  6 37    7 13  16 33   .....   2 35    74   7 53.9  16 55
Fri Mar 18/Sat Mar 19  7466.7   11 06 57   19 01  20 10   5 29  6 38    7 16  16 37   .....   3 29    83   8 46.2  14 46
Sat Mar 19/Sun Mar 20  7467.7   11 10 53   19 00  20 09   5 30  6 38    7 19  16 41   .....   4 22    90   9 36.7  11 57
Sun Mar 20/Mon Mar 21  7468.7   11 14 50   18 59  20 08   5 30  6 39    7 22  16 46   17 09   5 14    95  10 25.4   8 40
Mon Mar 21/Tue Mar 22  7469.7   11 18 46   18 58  20 07   5 31  6 39    7 25  16 50   17 46   6 05    98  11 12.7   5 04
Tue Mar 22/Wed Mar 23  7470.7   11 22 43   18 57  20 06   5 31  6 40    7 28  16 55   18 22   6 55   100  11 59.1   1 18
Wed Mar 23/Thu Mar 24  7471.7   11 26 39   18 56  20 04   5 31  6 40    7 30  16 59   18 58  .....   100  12 45.0 - 2 28
Thu Mar 24/Fri Mar 25  7472.7   11 30 36   18 55  20 03   5 32  6 40    7 33  17 03   19 33  .....    97  13 31.0 - 6 07
Fri Mar 25/Sat Mar 26  7473.7   11 34 33   18 54  20 02   5 32  6 41    7 36  17 08   20 10  .....    93  14 17.4 - 9 28
Sat Mar 26/Sun Mar 27  7474.7   11 38 29   18 53  20 01   5 33  6 41    7 39  17 12   20 48  .....    88  15 04.6 -12 26
Sun Mar 27/Mon Mar 28  7475.7   11 42 26   18 52  20 00   5 33  6 42    7 42  17 17   21 28  .....    81  15 53.0 -14 51
Mon Mar 28/Tue Mar 29  7476.7   11 46 22   18 51  19 59   5 34  6 42    7 45  17 21   22 10  .....    73  16 42.7 -16 38
Tue Mar 29/Wed Mar 30  7477.7   11 50 19   18 50  19 58   5 34  6 42    7 48  17 25   22 56  .....    64  17 33.7 -17 39
Wed Mar 30/Thu Mar 31  7478.7   11 54 15   18 49  19 57   5 34  6 43    7 51  17 30   23 46  .....    54  18 26.1 -17 49
Thu Mar 31/Fri Apr 01  7479.7   11 58 12   18 48  19 56   5 35  6 43    7 54  17 34    0 39  .....    44  19 19.4 -17 04
