  Date (eve/morn)      JDmid    LMSTmidn   ---------- Sun: ---------   LST twilight:  ------------- Moon: --------------
  (2018 at start)    (-2450000)            set  twi.end twi.beg rise    eve    morn    rise   set  %illum   RA      Dec
Tue May 01/Wed May 02  8240.7   13 58 31   18 21  19 31   5 46  6 56    9 29  19 46   19 37  .....    95  16 24.2 -16 49
Wed May 02/Thu May 03  8241.7   14 02 27   18 21  19 31   5 47  6 57    9 32  19 50   20 20  .....    90  17 15.6 -18 54
Thu May 03/Fri May 04  8242.7   14 06 24   18 20  19 30   5 47  6 57    9 36  19 54   21 06  .....    83  18 07.1 -20 04
Fri May 04/Sat May 05  8243.7   14 10 20   18 19  19 29   5 47  6 58    9 39  19 59   21 53  .....    76  18 58.3 -20 17
Sat May 05/Sun May 06  8244.7   14 14 17   18 19  19 29   5 48  6 58    9 42  20 03   22 43  .....    67  19 48.9 -19 35
Sun May 06/Mon May 07  8245.7   14 18 13   18 18  19 28   5 48  6 59    9 46  20 07   23 34  .....    58  20 38.7 -18 00
Mon May 07/Tue May 08  8246.7   14 22 10   18 17  19 28   5 49  6 59    9 49  20 12    0 25  .....    48  21 27.5 -15 38
Tue May 08/Wed May 09  8247.7   14 26 06   18 17  19 27   5 49  7 00    9 53  20 16    1 18  .....    39  22 15.6 -12 33
Wed May 09/Thu May 10  8248.7   14 30 03   18 16  19 27   5 49  7 00    9 56  20 20    2 11  .....    30  23 03.2 - 8 53
Thu May 10/Fri May 11  8249.7   14 34 00   18 16  19 26   5 50  7 01   10 00  20 25    3 05  .....    21  23 50.9 - 4 44
Fri May 11/Sat May 12  8250.7   14 37 56   18 15  19 26   5 50  7 01   10 03  20 29    4 01  .....    13   0 39.3 - 0 15
Sat May 12/Sun May 13  8251.7   14 41 53   18 15  19 26   5 50  7 02   10 07  20 33    4 58  16 33     7   1 29.0   4 23
Sun May 13/Mon May 14  8252.7   14 45 49   18 14  19 25   5 51  7 02   10 10  20 38    5 58  17 14     2   2 20.7   8 56
Mon May 14/Tue May 15  8253.7   14 49 46   18 14  19 25   5 51  7 02   10 14  20 42    7 01  17 57     0   3 14.9  13 09
Tue May 15/Wed May 16  8254.7   14 53 42   18 13  19 24   5 52  7 03   10 17  20 46   .....  18 44     1   4 12.0  16 43
Wed May 16/Thu May 17  8255.7   14 57 39   18 13  19 24   5 52  7 03   10 21  20 51   .....  19 37     4   5 11.8  19 18
Thu May 17/Fri May 18  8256.7   15 01 35   18 12  19 24   5 52  7 04   10 25  20 55   .....  20 34    10   6 13.3  20 41
Fri May 18/Sat May 19  8257.7   15 05 32   18 12  19 23   5 53  7 04   10 28  20 59   .....  21 35    18   7 15.4  20 41
Sat May 19/Sun May 20  8258.7   15 09 29   18 12  19 23   5 53  7 05   10 32  21 04   .....  22 38    27   8 16.5  19 21
Sun May 20/Mon May 21  8259.7   15 13 25   18 11  19 23   5 54  7 05   10 36  21 08   .....  23 41    38   9 15.6  16 50
Mon May 21/Tue May 22  8260.7   15 17 22   18 11  19 23   5 54  7 06   10 39  21 12   .....   0 43    49  10 12.0  13 21
Tue May 22/Wed May 23  8261.7   15 21 18   18 11  19 22   5 54  7 06   10 43  21 17   .....   1 42    60  11 05.9   9 12
Wed May 23/Thu May 24  8262.7   15 25 15   18 10  19 22   5 55  7 07   10 47  21 21   .....   2 40    71  11 57.6   4 39
Thu May 24/Fri May 25  8263.7   15 29 11   18 10  19 22   5 55  7 07   10 50  21 25   .....   3 37    80  12 47.9 - 0 04
Fri May 25/Sat May 26  8264.7   15 33 08   18 10  19 22   5 55  7 08   10 54  21 30   .....   4 32    88  13 37.5 - 4 41
Sat May 26/Sun May 27  8265.7   15 37 04   18 09  19 22   5 56  7 08   10 58  21 34   16 15   5 27    94  14 26.9 - 9 01
Sun May 27/Mon May 28  8266.7   15 41 01   18 09  19 22   5 56  7 09   11 02  21 38   16 53   6 21    98  15 16.7 -12 53
Mon May 28/Tue May 29  8267.7   15 44 58   18 09  19 21   5 57  7 09   11 06  21 43   17 33   7 16   100  16 07.3 -16 05
Tue May 29/Wed May 30  8268.7   15 48 54   18 09  19 21   5 57  7 10   11 09  21 47   18 16  .....   100  16 58.5 -18 30
Wed May 30/Thu May 31  8269.7   15 52 51   18 09  19 21   5 57  7 10   11 13  21 51   19 00  .....    97  17 50.1 -20 01
Thu May 31/Fri Jun 01  8270.7   15 56 47   18 09  19 21   5 58  7 10   11 17  21 55   19 47  .....    94  18 41.9 -20 35
