  Date (eve/morn)      JDmid    LMSTmidn   ---------- Sun: ---------   LST twilight:  ------------- Moon: --------------
  (2011 at start)    (-2450000)            set  twi.end twi.beg rise    eve    morn    rise   set  %illum   RA      Dec
Fri Apr 01/Sat Apr 02  5653.7   11 59 02   18 48  19 56   5 35  6 43    7 54  17 35    5 50  17 33     2  23 39.1   3 29
Sat Apr 02/Sun Apr 03  5654.7   12 02 58   18 47  19 55   5 35  6 44    7 57  17 39    6 40  18 04     0   0 22.3   8 02
Sun Apr 03/Mon Apr 04  5655.7   12 06 55   18 46  19 54   5 36  6 44    8 00  17 44   .....  18 38     0   1 06.6  12 19
Mon Apr 04/Tue Apr 05  5656.7   12 10 51   18 45  19 53   5 36  6 45    8 03  17 48   .....  19 13     2   1 52.4  16 10
Tue Apr 05/Wed Apr 06  5657.7   12 14 48   18 44  19 52   5 37  6 45    8 06  17 52   .....  19 51     6   2 40.4  19 25
Wed Apr 06/Thu Apr 07  5658.7   12 18 45   18 43  19 51   5 37  6 45    8 09  17 57   .....  20 34    11   3 30.6  21 53
Thu Apr 07/Fri Apr 08  5659.7   12 22 41   18 42  19 50   5 37  6 46    8 12  18 01   .....  21 20    18   4 23.0  23 23
Fri Apr 08/Sat Apr 09  5660.7   12 26 38   18 41  19 49   5 38  6 46    8 15  18 05   .....  22 12    26   5 17.2  23 48
Sat Apr 09/Sun Apr 10  5661.7   12 30 34   18 40  19 48   5 38  6 47    8 18  18 10   .....  23 07    35   6 12.4  23 00
Sun Apr 10/Mon Apr 11  5662.7   12 34 31   18 39  19 47   5 38  6 47    8 21  18 14   .....   0 05    46   7 08.1  20 59
Mon Apr 11/Tue Apr 12  5663.7   12 38 27   18 38  19 47   5 39  6 47    8 24  18 18   .....   1 05    56   8 03.6  17 46
Tue Apr 12/Wed Apr 13  5664.7   12 42 24   18 37  19 46   5 39  6 48    8 27  18 23   .....   2 07    67   8 58.6  13 28
Wed Apr 13/Thu Apr 14  5665.7   12 46 20   18 36  19 45   5 40  6 48    8 30  18 27   .....   3 10    78   9 53.3   8 18
Thu Apr 14/Fri Apr 15  5666.7   12 50 17   18 35  19 44   5 40  6 49    8 33  18 31   .....   4 13    87  10 48.2   2 31
Fri Apr 15/Sat Apr 16  5667.7   12 54 14   18 34  19 43   5 40  6 49    8 37  18 35   16 24   5 18    94  11 43.9 - 3 32
Sat Apr 16/Sun Apr 17  5668.7   12 58 10   18 33  19 42   5 41  6 50    8 40  18 40   17 07   6 25    98  12 41.2 - 9 26
Sun Apr 17/Mon Apr 18  5669.7   13 02 07   18 33  19 41   5 41  6 50    8 43  18 44   17 51   7 33   100  13 40.5 -14 44
Mon Apr 18/Tue Apr 19  5670.7   13 06 03   18 32  19 41   5 41  6 50    8 46  18 48   18 40  .....    98  14 41.8 -19 00
Tue Apr 19/Wed Apr 20  5671.7   13 10 00   18 31  19 40   5 42  6 51    8 49  18 53   19 32  .....    94  15 44.4 -21 53
Wed Apr 20/Thu Apr 21  5672.7   13 13 56   18 30  19 39   5 42  6 51    8 52  18 57   20 29  .....    87  16 47.0 -23 13
Thu Apr 21/Fri Apr 22  5673.7   13 17 53   18 29  19 38   5 42  6 52    8 55  19 01   21 28  .....    78  17 47.8 -23 00
Fri Apr 22/Sat Apr 23  5674.7   13 21 49   18 28  19 37   5 43  6 52    8 59  19 06   22 27  .....    69  18 45.6 -21 27
Sat Apr 23/Sun Apr 24  5675.7   13 25 46   18 27  19 37   5 43  6 53    9 02  19 10   23 25  .....    59  19 39.7 -18 47
Sun Apr 24/Mon Apr 25  5676.7   13 29 43   18 27  19 36   5 44  6 53    9 05  19 14    0 21  .....    49  20 30.2 -15 18
Mon Apr 25/Tue Apr 26  5677.7   13 33 39   18 26  19 35   5 44  6 53    9 08  19 19    1 15  .....    39  21 17.6 -11 16
Tue Apr 26/Wed Apr 27  5678.7   13 37 36   18 25  19 35   5 44  6 54    9 11  19 23    2 06  .....    30  22 02.7 - 6 51
Wed Apr 27/Thu Apr 28  5679.7   13 41 32   18 24  19 34   5 45  6 54    9 15  19 27    2 57  .....    22  22 46.2 - 2 15
Thu Apr 28/Fri Apr 29  5680.7   13 45 29   18 24  19 33   5 45  6 55    9 18  19 31    3 46  .....    15  23 29.1   2 24
Fri Apr 29/Sat Apr 30  5681.7   13 49 25   18 23  19 33   5 45  6 55    9 21  19 36    4 36  .....     9   0 12.3   6 57
Sat Apr 30/Sun May 01  5682.7   13 53 22   18 22  19 32   5 46  6 56    9 25  19 40    5 27  16 39     4   0 56.3  11 16
