  Date (eve/morn)      JDmid    LMSTmidn   ---------- Sun: ---------   LST twilight:  ------------- Moon: --------------
  (2012 at start)    (-2450000)            set  twi.end twi.beg rise    eve    morn    rise   set  %illum   RA      Dec
Thu Mar 01/Fri Mar 02  5988.6    8 59 38   20 18  21 28   6 20  7 30    6 27  15 20   .....   2 02    60   5 30.3  22 36
Fri Mar 02/Sat Mar 03  5989.6    9 03 35   20 17  21 27   6 20  7 30    6 30  15 25   .....   2 56    69   6 24.0  21 38
Sat Mar 03/Sun Mar 04  5990.6    9 07 31   20 16  21 26   6 21  7 31    6 33  15 30   .....   3 52    78   7 18.3  19 33
Sun Mar 04/Mon Mar 05  5991.6    9 11 28   20 15  21 25   6 22  7 31    6 36  15 34   17 13   4 51    86   8 12.6  16 25
Mon Mar 05/Tue Mar 06  5992.6    9 15 24   20 14  21 24   6 22  7 32    6 39  15 39   17 56   5 51    93   9 06.8  12 19
Tue Mar 06/Wed Mar 07  5993.6    9 19 21   20 13  21 23   6 23  7 32    6 42  15 43   18 38   6 52    98  10 01.0   7 27
Wed Mar 07/Thu Mar 08  5994.6    9 23 17   20 12  21 22   6 23  7 33    6 45  15 48   19 19  .....   100  10 55.4   2 04
Thu Mar 08/Fri Mar 09  5995.6    9 27 14   20 11  21 21   6 24  7 33    6 47  15 52   20 01  .....    99  11 50.5 - 3 30
Fri Mar 09/Sat Mar 10  5996.6    9 31 10   20 10  21 19   6 24  7 34    6 50  15 57   20 43  .....    95  12 46.8 - 8 52
Sat Mar 10/Sun Mar 11* 5997.6    9 35 07   20 09  21 18   5 25  6 34    6 53  16 01   21 29  .....    89  13 44.6 -13 39
Sun Mar 11/Mon Mar 12  5998.7   10 39 13   19 08  20 17   5 26  6 35    6 56  16 06   21 17  .....    80  14 46.2 -17 43
Mon Mar 12/Tue Mar 13  5999.7   10 43 10   19 07  20 16   5 26  6 35    6 59  16 10   22 09  .....    70  15 47.0 -20 19
Tue Mar 13/Wed Mar 14  6000.7   10 47 07   19 06  20 15   5 27  6 36    7 02  16 15   23 05  .....    59  16 48.0 -21 32
Wed Mar 14/Thu Mar 15  6001.7   10 51 03   19 05  20 14   5 27  6 36    7 05  16 19    0 04  .....    48  17 47.9 -21 21
Thu Mar 15/Fri Mar 16  6002.7   10 55 00   19 04  20 13   5 28  6 36    7 07  16 24    1 03  .....    37  18 45.8 -19 53
Fri Mar 16/Sat Mar 17  6003.7   10 58 56   19 03  20 12   5 28  6 37    7 10  16 28    2 03  .....    27  19 40.8 -17 21
Sat Mar 17/Sun Mar 18  6004.7   11 02 53   19 02  20 11   5 29  6 37    7 13  16 32    3 01  .....    19  20 33.0 -13 57
Sun Mar 18/Mon Mar 19  6005.7   11 06 49   19 01  20 10   5 29  6 38    7 16  16 37    3 57  .....    11  21 22.5 - 9 58
Mon Mar 19/Tue Mar 20  6006.7   11 10 46   19 00  20 09   5 30  6 38    7 19  16 41    4 51  17 06     6  22 09.9 - 5 35
Tue Mar 20/Wed Mar 21  6007.7   11 14 42   18 59  20 08   5 30  6 39    7 22  16 46    5 43  17 41     2  22 55.8 - 1 03
Wed Mar 21/Thu Mar 22  6008.7   11 18 39   18 58  20 07   5 31  6 39    7 25  16 50    6 35  18 16     0  23 41.0   3 29
Thu Mar 22/Fri Mar 23  6009.7   11 22 36   18 57  20 06   5 31  6 40    7 28  16 55   .....  18 50     0   0 25.9   7 50
Fri Mar 23/Sat Mar 24  6010.7   11 26 32   18 56  20 05   5 31  6 40    7 30  16 59   .....  19 25     2   1 11.3  11 51
Sat Mar 24/Sun Mar 25  6011.7   11 30 29   18 55  20 03   5 32  6 40    7 33  17 03   .....  20 02     6   1 57.5  15 23
Sun Mar 25/Mon Mar 26  6012.7   11 34 25   18 54  20 02   5 32  6 41    7 36  17 08   .....  20 41    11   2 44.9  18 18
Mon Mar 26/Tue Mar 27  6013.7   11 38 22   18 53  20 01   5 33  6 41    7 39  17 12   .....  21 22    17   3 33.7  20 29
Tue Mar 27/Wed Mar 28  6014.7   11 42 18   18 52  20 00   5 33  6 42    7 42  17 16   .....  22 07    25   4 23.8  21 48
Wed Mar 28/Thu Mar 29  6015.7   11 46 15   18 51  19 59   5 34  6 42    7 45  17 21   .....  22 55    34   5 15.0  22 11
Thu Mar 29/Fri Mar 30  6016.7   11 50 11   18 50  19 58   5 34  6 42    7 48  17 25   .....  23 46    43   6 07.0  21 34
Fri Mar 30/Sat Mar 31  6017.7   11 54 08   18 49  19 57   5 34  6 43    7 51  17 29   .....   0 40    53   6 59.4  19 54
Sat Mar 31/Sun Apr 01  6018.7   11 58 05   18 48  19 56   5 35  6 43    7 54  17 34   .....   1 36    63   7 51.9  17 15
