  Date (eve/morn)      JDmid    LMSTmidn   ---------- Sun: ---------   LST twilight:  ------------- Moon: --------------
  (2015 at start)    (-2450000)            set  twi.end twi.beg rise    eve    morn    rise   set  %illum   RA      Dec
Fri May 01/Sat May 02  7144.7   13 57 26   18 21  19 31   5 46  6 56    9 28  19 45   16 44   5 45    96  13 10.5 - 6 22
Sat May 02/Sun May 03  7145.7   14 01 22   18 21  19 31   5 47  6 57    9 31  19 49   17 21   6 37    99  13 58.6 - 9 51
Sun May 03/Mon May 04  7146.7   14 05 19   18 20  19 30   5 47  6 57    9 35  19 53   18 01   7 30   100  14 48.5 -12 57
Mon May 04/Tue May 05  7147.7   14 09 16   18 19  19 30   5 47  6 58    9 38  19 58   18 44  .....    99  15 40.4 -15 28
Tue May 05/Wed May 06  7148.7   14 13 12   18 19  19 29   5 48  6 58    9 41  20 02   19 30  .....    95  16 34.2 -17 13
Wed May 06/Thu May 07  7149.7   14 17 09   18 18  19 28   5 48  6 59    9 45  20 06   20 20  .....    90  17 29.6 -18 04
Thu May 07/Fri May 08  7150.7   14 21 05   18 18  19 28   5 48  6 59    9 48  20 10   21 14  .....    83  18 26.0 -17 55
Fri May 08/Sat May 09  7151.7   14 25 02   18 17  19 27   5 49  6 59    9 52  20 15   22 10  .....    74  19 22.6 -16 44
Sat May 09/Sun May 10  7152.7   14 28 58   18 16  19 27   5 49  7 00    9 55  20 19   23 09  .....    63  20 19.0 -14 33
Sun May 10/Mon May 11  7153.7   14 32 55   18 16  19 27   5 50  7 00    9 59  20 23    0 10  .....    52  21 14.6 -11 30
Mon May 11/Tue May 12  7154.7   14 36 51   18 15  19 26   5 50  7 01   10 02  20 28    1 10  .....    41  22 09.6 - 7 46
Tue May 12/Wed May 13  7155.7   14 40 48   18 15  19 26   5 50  7 01   10 06  20 32    2 12  .....    30  23 04.0 - 3 32
Wed May 13/Thu May 14  7156.7   14 44 45   18 14  19 25   5 51  7 02   10 09  20 36    3 14  .....    20  23 58.3   0 56
Thu May 14/Fri May 15  7157.7   14 48 41   18 14  19 25   5 51  7 02   10 13  20 41    4 16  .....    12   0 52.9   5 23
Fri May 15/Sat May 16  7158.7   14 52 38   18 13  19 25   5 52  7 03   10 16  20 45    5 18  16 30     5   1 48.1   9 31
Sat May 16/Sun May 17  7159.7   14 56 34   18 13  19 24   5 52  7 03   10 20  20 49    6 21  17 17     1   2 44.2  13 06
Sun May 17/Mon May 18  7160.7   15 00 31   18 12  19 24   5 52  7 04   10 24  20 54    7 22  18 06     0   3 41.0  15 53
Mon May 18/Tue May 19  7161.7   15 04 27   18 12  19 24   5 53  7 04   10 27  20 58   .....  18 58     1   4 38.0  17 43
Tue May 19/Wed May 20  7162.7   15 08 24   18 12  19 23   5 53  7 05   10 31  21 02   .....  19 51     5   5 34.5  18 31
Wed May 20/Thu May 21  7163.7   15 12 20   18 11  19 23   5 53  7 05   10 35  21 07   .....  20 46    10   6 29.8  18 18
Thu May 21/Fri May 22  7164.7   15 16 17   18 11  19 23   5 54  7 06   10 38  21 11   .....  21 40    17   7 23.2  17 09
Fri May 22/Sat May 23  7165.7   15 20 14   18 11  19 22   5 54  7 06   10 42  21 15   .....  22 34    26   8 14.5  15 12
Sat May 23/Sun May 24  7166.7   15 24 10   18 10  19 22   5 55  7 07   10 46  21 20   .....  23 26    35   9 03.7  12 37
Sun May 24/Mon May 25  7167.7   15 28 07   18 10  19 22   5 55  7 07   10 49  21 24   .....   0 17    44   9 51.1   9 33
Mon May 25/Tue May 26  7168.7   15 32 03   18 10  19 22   5 55  7 08   10 53  21 28   .....   1 07    53  10 37.2   6 07
Tue May 26/Wed May 27  7169.7   15 36 00   18 10  19 22   5 56  7 08   10 57  21 33   .....   1 57    63  11 22.6   2 27
Wed May 27/Thu May 28  7170.7   15 39 56   18 09  19 22   5 56  7 08   11 01  21 37   .....   2 46    72  12 08.0 - 1 18
Thu May 28/Fri May 29  7171.7   15 43 53   18 09  19 21   5 57  7 09   11 05  21 41   .....   3 37    80  12 54.1 - 5 04
Fri May 29/Sat May 30  7172.7   15 47 49   18 09  19 21   5 57  7 09   11 08  21 46   .....   4 28    87  13 41.5 - 8 39
Sat May 30/Sun May 31  7173.7   15 51 46   18 09  19 21   5 57  7 10   11 12  21 50   .....   5 21    93  14 30.7 -11 56
Sun May 31/Mon Jun 01  7174.7   15 55 43   18 09  19 21   5 58  7 10   11 16  21 54   16 39   6 16    97  15 22.2 -14 44
