  Date (eve/morn)      JDmid    LMSTmidn   ---------- Sun: ---------   LST twilight:  ------------- Moon: --------------
  (2022 at start)    (-2450000)            set  twi.end twi.beg rise    eve    morn    rise   set  %illum   RA      Dec
Tue Mar 01/Wed Mar 02  9640.6    8 57 58   20 18  21 28   6 19  7 30    6 26  15 18   .....  20 00     1  22 28.1 -14 13
Wed Mar 02/Thu Mar 03  9641.6    9 01 55   20 17  21 27   6 20  7 30    6 29  15 23   .....  20 38     0  23 19.5 - 8 41
Thu Mar 03/Fri Mar 04  9642.6    9 05 51   20 16  21 26   6 21  7 31    6 32  15 28   .....  21 14     2   0 08.4 - 2 50
Fri Mar 04/Sat Mar 05  9643.6    9 09 48   20 16  21 25   6 21  7 31    6 35  15 32   .....  21 47     7   0 55.5   3 02
Sat Mar 05/Sun Mar 06  9644.6    9 13 44   20 15  21 24   6 22  7 32    6 38  15 37   .....  22 20    12   1 41.8   8 41
Sun Mar 06/Mon Mar 07  9645.6    9 17 41   20 14  21 23   6 23  7 32    6 40  15 41   .....  22 54    20   2 28.3  13 52
Mon Mar 07/Tue Mar 08  9646.6    9 21 38   20 13  21 22   6 23  7 33    6 43  15 46   .....  23 30    28   3 15.7  18 26
Tue Mar 08/Wed Mar 09  9647.6    9 25 34   20 12  21 21   6 24  7 33    6 46  15 50   .....   0 08    37   4 04.5  22 11
Wed Mar 09/Thu Mar 10  9648.6    9 29 31   20 11  21 20   6 24  7 34    6 49  15 55   .....   0 50    46   4 55.1  25 00
Thu Mar 10/Fri Mar 11  9649.6    9 33 27   20 10  21 19   6 25  7 34    6 52  15 59   .....   1 36    56   5 47.3  26 44
Fri Mar 11/Sat Mar 12  9650.6    9 37 24   20 09  21 18   6 25  7 34    6 55  16 04   .....   2 26    65   6 40.7  27 16
Sat Mar 12/Sun Mar 13* 9651.6    9 41 20   20 08  21 17   5 26  6 35    6 58  16 08   .....   2 19    74   7 34.6  26 33
Sun Mar 13/Mon Mar 14  9652.7   10 45 27   19 07  20 16   5 26  6 35    7 00  16 13   .....   3 14    82   8 29.5  24 26
Mon Mar 14/Tue Mar 15  9653.7   10 49 23   19 06  20 15   5 27  6 36    7 03  16 17   16 54   4 11    89   9 22.0  21 14
Tue Mar 15/Wed Mar 16  9654.7   10 53 20   19 05  20 13   5 27  6 36    7 06  16 22   17 34   5 08    95  10 13.1  17 00
Wed Mar 16/Thu Mar 17  9655.7   10 57 16   19 04  20 12   5 28  6 37    7 09  16 26   18 11   6 06    98  11 03.1  11 53
Thu Mar 17/Fri Mar 18  9656.7   11 01 13   19 03  20 11   5 28  6 37    7 12  16 31   18 47   7 03   100  11 52.3   6 06
Fri Mar 18/Sat Mar 19  9657.7   11 05 10   19 02  20 10   5 29  6 38    7 15  16 35   19 21  .....    99  12 41.6 - 0 03
Sat Mar 19/Sun Mar 20  9658.7   11 09 06   19 01  20 09   5 29  6 38    7 18  16 39   19 56  .....    96  13 31.8 - 6 17
Sun Mar 20/Mon Mar 21  9659.7   11 13 03   19 00  20 08   5 30  6 38    7 21  16 44   20 33  .....    90  14 23.9 -12 15
Mon Mar 21/Tue Mar 22  9660.7   11 16 59   18 59  20 07   5 30  6 39    7 23  16 48   21 13  .....    82  15 18.6 -17 35
Tue Mar 22/Wed Mar 23  9661.7   11 20 56   18 58  20 06   5 31  6 39    7 26  16 53   21 58  .....    72  16 16.5 -21 55
Wed Mar 23/Thu Mar 24  9662.7   11 24 52   18 57  20 05   5 31  6 40    7 29  16 57   22 48  .....    61  17 17.3 -24 54
Thu Mar 24/Fri Mar 25  9663.7   11 28 49   18 56  20 04   5 32  6 40    7 32  17 01   23 46  .....    50  18 20.0 -26 14
Fri Mar 25/Sat Mar 26  9664.7   11 32 45   18 55  20 03   5 32  6 41    7 35  17 06    0 48  .....    39  19 22.8 -25 51
Sat Mar 26/Sun Mar 27  9665.7   11 36 42   18 53  20 02   5 33  6 41    7 38  17 10    1 54  .....    28  20 23.8 -23 47
Sun Mar 27/Mon Mar 28  9666.7   11 40 39   18 52  20 01   5 33  6 41    7 41  17 15    2 59  .....    19  21 21.7 -20 19
Mon Mar 28/Tue Mar 29  9667.7   11 44 35   18 51  20 00   5 33  6 42    7 44  17 19    4 02  16 56    11  22 16.1 -15 44
Tue Mar 29/Wed Mar 30  9668.7   11 48 32   18 50  19 59   5 34  6 42    7 47  17 23    5 03  17 36     5  23 07.1 -10 25
Wed Mar 30/Thu Mar 31  9669.7   11 52 28   18 49  19 58   5 34  6 43    7 50  17 28    6 01  18 11     1  23 55.5 - 4 41
Thu Mar 31/Fri Apr 01  9670.7   11 56 25   18 48  19 57   5 35  6 43    7 52  17 32    6 57  18 45     0   0 42.3   1 11
