  Date (eve/morn)      JDmid    LMSTmidn   ---------- Sun: ---------   LST twilight:  ------------- Moon: --------------
  (2017 at start)    (-2450000)            set  twi.end twi.beg rise    eve    morn    rise   set  %illum   RA      Dec
Fri Sep 01/Sat Sep 02  7998.7   22 04 24   18 38  19 46   5 36  6 45   17 50   3 41   .....   4 20    83  19 30.2 -18 44
Sat Sep 02/Sun Sep 03  7999.7   22 08 21   18 38  19 47   5 35  6 44   17 54   3 44   .....   5 05    90  20 22.1 -17 20
Sun Sep 03/Mon Sep 04  8000.7   22 12 17   18 38  19 47   5 34  6 43   17 59   3 47   .....   5 48    95  21 14.0 -15 03
Mon Sep 04/Tue Sep 05  8001.7   22 16 14   18 39  19 47   5 33  6 42   18 03   3 50   17 05   6 30    99  22 05.8 -11 58
Tue Sep 05/Wed Sep 06  8002.7   22 20 10   18 39  19 48   5 32  6 40   18 07   3 53   18 01   7 11   100  22 57.5 - 8 13
Wed Sep 06/Thu Sep 07  8003.7   22 24 07   18 39  19 48   5 31  6 39   18 11   3 56   18 58  .....    99  23 49.1 - 3 57
Thu Sep 07/Fri Sep 08  8004.7   22 28 03   18 40  19 48   5 30  6 38   18 16   3 59   19 55  .....    96   0 41.0   0 35
Fri Sep 08/Sat Sep 09  8005.7   22 32 00   18 40  19 49   5 29  6 37   18 20   4 02   20 54  .....    90   1 33.7   5 10
Sat Sep 09/Sun Sep 10  8006.7   22 35 57   18 41  19 49   5 28  6 36   18 24   4 05   21 53  .....    82   2 27.5   9 32
Sun Sep 10/Mon Sep 11  8007.7   22 39 53   18 41  19 49   5 27  6 35   18 28   4 08   22 54  .....    72   3 22.9  13 24
Mon Sep 11/Tue Sep 12  8008.7   22 43 50   18 41  19 50   5 26  6 34   18 33   4 11   23 56  .....    62   4 19.9  16 30
Tue Sep 12/Wed Sep 13  8009.7   22 47 46   18 42  19 50   5 25  6 33   18 37   4 14    0 57  .....    50   5 18.5  18 38
Wed Sep 13/Thu Sep 14  8010.7   22 51 43   18 42  19 50   5 24  6 32   18 41   4 16    1 57  .....    39   6 18.0  19 38
Thu Sep 14/Fri Sep 15  8011.7   22 55 39   18 42  19 51   5 23  6 31   18 46   4 19    2 55  .....    28   7 17.6  19 25
Fri Sep 15/Sat Sep 16  8012.7   22 59 36   18 43  19 51   5 22  6 30   18 50   4 22    3 49  .....    19   8 16.3  18 01
Sat Sep 16/Sun Sep 17  8013.7   23 03 32   18 43  19 51   5 21  6 29   18 54   4 25    4 39  .....    11   9 13.3  15 36
Sun Sep 17/Mon Sep 18  8014.7   23 07 29   18 43  19 52   5 20  6 28   18 59   4 28    5 25  .....     5  10 08.1  12 19
Mon Sep 18/Tue Sep 19  8015.7   23 11 26   18 44  19 52   5 18  6 27   19 03   4 31    6 08  17 25     1  11 00.8   8 28
Tue Sep 19/Wed Sep 20  8016.7   23 15 22   18 44  19 52   5 17  6 26   19 07   4 34    6 48  18 23     0  11 51.5   4 15
Wed Sep 20/Thu Sep 21  8017.7   23 19 19   18 44  19 53   5 16  6 25   19 12   4 36   .....  19 20     1  12 40.8 - 0 04
Thu Sep 21/Fri Sep 22  8018.7   23 23 15   18 45  19 53   5 15  6 24   19 16   4 39   .....  20 15     4  13 29.0 - 4 17
Fri Sep 22/Sat Sep 23  8019.7   23 27 12   18 45  19 54   5 14  6 23   19 20   4 42   .....  21 09     9  14 16.8 - 8 13
Sat Sep 23/Sun Sep 24  8020.7   23 31 08   18 45  19 54   5 13  6 22   19 25   4 45   .....  22 02    15  15 04.6 -11 44
Sun Sep 24/Mon Sep 25  8021.7   23 35 05   18 46  19 55   5 12  6 20   19 29   4 48   .....  22 54    23  15 52.7 -14 40
Mon Sep 25/Tue Sep 26  8022.7   23 39 01   18 46  19 55   5 11  6 19   19 33   4 51   .....  23 45    31  16 41.4 -16 57
Tue Sep 26/Wed Sep 27  8023.7   23 42 58   18 47  19 55   5 10  6 18   19 38   4 53   .....   0 36    40  17 30.7 -18 28
Wed Sep 27/Thu Sep 28  8024.7   23 46 55   18 47  19 56   5 08  6 17   19 42   4 56   .....   1 25    50  18 20.8 -19 11
Thu Sep 28/Fri Sep 29  8025.7   23 50 51   18 47  19 56   5 07  6 16   19 46   4 59   .....   2 12    59  19 11.5 -19 01
Fri Sep 29/Sat Sep 30  8026.7   23 54 48   18 48  19 57   5 06  6 15   19 51   5 02   .....   2 58    69  20 02.5 -17 57
Sat Sep 30/Sun Oct 01  8027.7   23 58 44   18 48  19 57   5 05  6 14   19 55   5 05   .....   3 42    77  20 53.8 -16 01
