  Date (eve/morn)      JDmid    LMSTmidn   ---------- Sun: ---------   LST twilight:  ------------- Moon: --------------
  (2020 at start)    (-2450000)            set  twi.end twi.beg rise    eve    morn    rise   set  %illum   RA      Dec
Wed Apr 01/Thu Apr 02  8941.7   12 02 16   18 47  19 55   5 35  6 44    7 57  17 38   .....   0 58    57   7 32.2  23 48
Thu Apr 02/Fri Apr 03  8942.7   12 06 12   18 46  19 54   5 36  6 44    8 00  17 43   .....   1 58    68   8 31.2  22 07
Fri Apr 03/Sat Apr 04  8943.7   12 10 09   18 45  19 53   5 36  6 44    8 03  17 47   .....   3 02    78   9 30.3  19 03
Sat Apr 04/Sun Apr 05  8944.7   12 14 06   18 44  19 52   5 36  6 45    8 06  17 51   .....   4 08    87  10 28.9  14 44
Sun Apr 05/Mon Apr 06  8945.7   12 18 02   18 43  19 51   5 37  6 45    8 09  17 56   17 07   5 13    94  11 26.7   9 23
Mon Apr 06/Tue Apr 07  8946.7   12 21 59   18 42  19 50   5 37  6 46    8 12  18 00   17 50   6 20    98  12 23.8   3 22
Tue Apr 07/Wed Apr 08  8947.7   12 25 55   18 41  19 49   5 38  6 46    8 15  18 04   18 32   7 26   100  13 20.6 - 2 52
Wed Apr 08/Thu Apr 09  8948.7   12 29 52   18 40  19 49   5 38  6 47    8 18  18 09   19 15  .....    98  14 17.9 - 8 53
Thu Apr 09/Fri Apr 10  8949.7   12 33 48   18 39  19 48   5 38  6 47    8 21  18 13   19 58  .....    93  15 15.9 -14 14
Fri Apr 10/Sat Apr 11  8950.7   12 37 45   18 38  19 47   5 39  6 47    8 24  18 17   20 45  .....    86  16 14.9 -18 32
Sat Apr 11/Sun Apr 12  8951.7   12 41 41   18 37  19 46   5 39  6 48    8 27  18 22   21 35  .....    77  17 14.3 -21 33
Sun Apr 12/Mon Apr 13  8952.7   12 45 38   18 36  19 45   5 39  6 48    8 30  18 26   22 27  .....    68  18 13.3 -23 09
Mon Apr 13/Tue Apr 14  8953.7   12 49 35   18 35  19 44   5 40  6 49    8 33  18 30   23 22  .....    57  19 11.0 -23 22
Tue Apr 14/Wed Apr 15  8954.7   12 53 31   18 35  19 43   5 40  6 49    8 36  18 35    0 18  .....    47  20 06.3 -22 18
Wed Apr 15/Thu Apr 16  8955.7   12 57 28   18 34  19 42   5 41  6 49    8 39  18 39    1 14  .....    37  20 58.8 -20 10
Thu Apr 16/Fri Apr 17  8956.7   13 01 24   18 33  19 42   5 41  6 50    8 42  18 43    2 08  .....    28  21 48.3 -17 09
Fri Apr 17/Sat Apr 18  8957.7   13 05 21   18 32  19 41   5 41  6 50    8 45  18 48    3 01  .....    20  22 35.3 -13 27
Sat Apr 18/Sun Apr 19  8958.7   13 09 17   18 31  19 40   5 42  6 51    8 48  18 52    3 52  16 24    13  23 20.1 - 9 17
Sun Apr 19/Mon Apr 20  8959.7   13 13 14   18 30  19 39   5 42  6 51    8 52  18 56    4 42  16 57     8   0 03.6 - 4 47
Mon Apr 20/Tue Apr 21  8960.7   13 17 10   18 29  19 38   5 42  6 52    8 55  19 01    5 32  17 28     3   0 46.4 - 0 06
Tue Apr 21/Wed Apr 22  8961.7   13 21 07   18 28  19 38   5 43  6 52    8 58  19 05    6 22  18 00     1   1 29.2   4 36
Wed Apr 22/Thu Apr 23  8962.7   13 25 04   18 28  19 37   5 43  6 52    9 01  19 09    7 13  18 32     0   2 12.8   9 11
Thu Apr 23/Fri Apr 24  8963.7   13 29 00   18 27  19 36   5 44  6 53    9 04  19 13   .....  19 05     1   2 57.9  13 28
Fri Apr 24/Sat Apr 25  8964.7   13 32 57   18 26  19 35   5 44  6 53    9 08  19 18   .....  19 42     4   3 44.9  17 18
Sat Apr 25/Sun Apr 26  8965.7   13 36 53   18 25  19 35   5 44  6 54    9 11  19 22   .....  20 22     8   4 34.4  20 28
Sun Apr 26/Mon Apr 27  8966.7   13 40 50   18 24  19 34   5 45  6 54    9 14  19 26   .....  21 07    15   5 26.4  22 46
Mon Apr 27/Tue Apr 28  8967.7   13 44 46   18 24  19 33   5 45  6 55    9 17  19 31   .....  21 56    22   6 20.9  24 02
Tue Apr 28/Wed Apr 29  8968.7   13 48 43   18 23  19 33   5 45  6 55    9 21  19 35   .....  22 50    31   7 17.1  24 04
Wed Apr 29/Thu Apr 30  8969.7   13 52 39   18 22  19 32   5 46  6 56    9 24  19 39   .....  23 49    42   8 14.2  22 49
Thu Apr 30/Fri May 01  8970.7   13 56 36   18 22  19 31   5 46  6 56    9 27  19 44   .....   0 50    53   9 11.4  20 14
