  Date (eve/morn)      JDmid    LMSTmidn   ---------- Sun: ---------   LST twilight:  ------------- Moon: --------------
  (2019 at start)    (-2450000)            set  twi.end twi.beg rise    eve    morn    rise   set  %illum   RA      Dec
Sun Dec 01/Mon Dec 02  8819.6    3 01 06   20 25  21 44   5 17  6 36    0 45   8 19   .....   1 02    29  21 13.6 -18 46
Mon Dec 02/Tue Dec 03  8820.6    3 05 03   20 26  21 45   5 17  6 36    0 50   8 23   .....   1 41    38  22 02.7 -15 36
Tue Dec 03/Wed Dec 04  8821.6    3 08 59   20 27  21 46   5 17  6 36    0 55   8 27   .....   2 17    48  22 49.6 -11 49
Wed Dec 04/Thu Dec 05  8822.6    3 12 56   20 27  21 47   5 17  6 37    0 59   8 31   .....   2 50    57  23 34.9 - 7 34
Thu Dec 05/Fri Dec 06  8823.6    3 16 52   20 28  21 48   5 17  6 37    1 04   8 35   .....   3 22    67   0 19.2 - 3 00
Fri Dec 06/Sat Dec 07  8824.6    3 20 49   20 29  21 48   5 17  6 37    1 09   8 39   .....   3 54    75   1 03.5   1 44
Sat Dec 07/Sun Dec 08  8825.6    3 24 46   20 29  21 49   5 17  6 37    1 14   8 43   .....   4 27    83   1 48.7   6 30
Sun Dec 08/Mon Dec 09  8826.6    3 28 42   20 30  21 50   5 17  6 37    1 18   8 47   .....   5 02    90   2 35.5  11 07
Mon Dec 09/Tue Dec 10  8827.6    3 32 39   20 31  21 51   5 17  6 37    1 23   8 51   18 00   5 41    95   3 24.8  15 23
Tue Dec 10/Wed Dec 11  8828.6    3 36 35   20 31  21 52   5 17  6 38    1 28   8 55   18 56   6 24    99   4 17.2  19 03
Wed Dec 11/Thu Dec 12  8829.6    3 40 32   20 32  21 52   5 18  6 38    1 33   8 59   19 55  .....   100   5 12.7  21 51
Thu Dec 12/Fri Dec 13  8830.6    3 44 28   20 33  21 53   5 18  6 38    1 37   9 03   20 54  .....    99   6 11.1  23 29
Fri Dec 13/Sat Dec 14  8831.6    3 48 25   20 33  21 54   5 18  6 39    1 42   9 07   21 53  .....    96   7 11.3  23 47
Sat Dec 14/Sun Dec 15  8832.6    3 52 21   20 34  21 54   5 18  6 39    1 46   9 12   22 49  .....    90   8 11.7  22 38
Sun Dec 15/Mon Dec 16  8833.6    3 56 18   20 34  21 55   5 19  6 39    1 51   9 16   23 41  .....    82   9 11.0  20 08
Mon Dec 16/Tue Dec 17  8834.6    4 00 15   20 35  21 56   5 19  6 40    1 56   9 20    0 29  .....    72  10 08.2  16 28
Tue Dec 17/Wed Dec 18  8835.6    4 04 11   20 36  21 56   5 19  6 40    2 00   9 24    1 12  .....    62  11 03.1  11 54
Wed Dec 18/Thu Dec 19  8836.6    4 08 08   20 36  21 57   5 20  6 41    2 05   9 29    1 53  .....    50  11 56.1   6 45
Thu Dec 19/Fri Dec 20  8837.6    4 12 04   20 37  21 58   5 20  6 41    2 09   9 33    2 32  .....    39  12 47.9   1 17
Fri Dec 20/Sat Dec 21  8838.6    4 16 01   20 37  21 58   5 21  6 41    2 14   9 38    3 11  .....    29  13 39.2 - 4 11
Sat Dec 21/Sun Dec 22  8839.6    4 19 57   20 38  21 59   5 21  6 42    2 18   9 42    3 51  .....    19  14 31.1 - 9 23
Sun Dec 22/Mon Dec 23  8840.6    4 23 54   20 38  21 59   5 22  6 42    2 23   9 46    4 33  .....    11  15 24.1 -14 01
Mon Dec 23/Tue Dec 24  8841.6    4 27 50   20 39  22 00   5 22  6 43    2 27   9 51    5 18  18 19     5  16 18.6 -17 51
Tue Dec 24/Wed Dec 25  8842.6    4 31 47   20 39  22 00   5 23  6 44    2 31   9 55    6 07  19 21     1  17 14.5 -20 39
Wed Dec 25/Thu Dec 26  8843.6    4 35 44   20 40  22 00   5 23  6 44    2 36  10 00   .....  20 20     0  18 11.1 -22 14
Thu Dec 26/Fri Dec 27  8844.6    4 39 40   20 40  22 01   5 24  6 45    2 40  10 05   .....  21 17     1  19 07.4 -22 33
Fri Dec 27/Sat Dec 28  8845.6    4 43 37   20 40  22 01   5 25  6 45    2 44  10 09   .....  22 09     4  20 02.4 -21 39
Sat Dec 28/Sun Dec 29  8846.6    4 47 33   20 41  22 01   5 25  6 46    2 49  10 14   .....  22 55     8  20 55.2 -19 40
Sun Dec 29/Mon Dec 30  8847.6    4 51 30   20 41  22 02   5 26  6 47    2 53  10 18   .....  23 37    15  21 45.5 -16 46
Mon Dec 30/Tue Dec 31  8848.6    4 55 26   20 42  22 02   5 27  6 47    2 57  10 23   .....   0 14    22  22 33.3 -13 11
Tue Dec 31/Wed Jan 01  8849.6    4 59 23   20 42  22 02   5 27  6 48    3 01  10 28   .....   0 49    30  23 19.0 - 9 05
