  Date (eve/morn)      JDmid    LMSTmidn   ---------- Sun: ---------   LST twilight:  ------------- Moon: --------------
  (2020 at start)    (-2450000)            set  twi.end twi.beg rise    eve    morn    rise   set  %illum   RA      Dec
Thu Oct 01/Fri Oct 02  9124.7    0 03 46   18 49  19 58   5 04  6 13   20 01   5 08   18 33   7 05   100   0 54.4   1 00
Fri Oct 02/Sat Oct 03  9125.7    0 07 42   18 49  19 58   5 03  6 12   20 05   5 11   19 23  .....    98   1 38.2   5 57
Sat Oct 03/Sun Oct 04  9126.7    0 11 39   18 49  19 59   5 01  6 11   20 10   5 14   20 13  .....    95   2 22.6  10 41
Sun Oct 04/Mon Oct 05  9127.7    0 15 35   18 50  19 59   5 00  6 10   20 14   5 17   21 04  .....    90   3 08.3  15 01
Mon Oct 05/Tue Oct 06  9128.7    0 19 32   18 50  20 00   4 59  6 09   20 19   5 20   21 56  .....    84   3 55.7  18 47
Tue Oct 06/Wed Oct 07  9129.7    0 23 28   18 51  20 00   4 58  6 08   20 23   5 22   22 50  .....    76   4 45.4  21 48
Wed Oct 07/Thu Oct 08  9130.7    0 27 25   18 51  20 01   4 57  6 07   20 28   5 25   23 44  .....    68   5 37.4  23 53
Thu Oct 08/Fri Oct 09  9131.7    0 31 21   18 52  20 01   4 56  6 06   20 32   5 28    0 39  .....    58   6 31.5  24 53
Fri Oct 09/Sat Oct 10  9132.7    0 35 18   18 52  20 02   4 55  6 05   20 37   5 31    1 32  .....    48   7 27.2  24 39
Sat Oct 10/Sun Oct 11* 9133.7    0 39 15   18 52  20 03   5 54  7 04   20 41   5 34    3 23  .....    38   8 23.5  23 06
Sun Oct 11/Mon Oct 12  9134.6   23 43 01   19 53  21 03   5 53  7 03   20 46   5 37    4 11  .....    28   9 16.8  20 22
Mon Oct 12/Tue Oct 13  9135.6   23 46 58   19 53  21 04   5 52  7 02   20 50   5 39    4 56  .....    19  10 12.3  16 24
Tue Oct 13/Wed Oct 14  9136.6   23 50 54   19 54  21 04   5 50  7 01   20 55   5 42    5 39  .....    11  11 07.0  11 25
Wed Oct 14/Thu Oct 15  9137.6   23 54 51   19 54  21 05   5 49  7 00   20 59   5 45    6 20  17 47     5  12 01.3   5 40
Thu Oct 15/Fri Oct 16  9138.6   23 58 47   19 55  21 06   5 48  6 59   21 04   5 48    7 01  18 52     1  12 55.6 - 0 30
Fri Oct 16/Sat Oct 17  9139.6    0 02 44   19 55  21 06   5 47  6 58   21 09   5 51   .....  19 59     0  13 50.7 - 6 41
Sat Oct 17/Sun Oct 18  9140.6    0 06 41   19 56  21 07   5 46  6 57   21 13   5 54   .....  21 06     3  14 47.2 -12 29
Sun Oct 18/Mon Oct 19  9141.6    0 10 37   19 56  21 08   5 45  6 56   21 18   5 57   .....  22 14     8  15 45.6 -17 27
Mon Oct 19/Tue Oct 20  9142.6    0 14 34   19 57  21 08   5 44  6 56   21 22   6 00   .....  23 22    15  16 45.6 -21 15
Tue Oct 20/Wed Oct 21  9143.6    0 18 30   19 57  21 09   5 43  6 55   21 27   6 03   .....   0 28    24  17 46.7 -23 35
Wed Oct 21/Thu Oct 22  9144.6    0 22 27   19 58  21 10   5 42  6 54   21 32   6 06   .....   1 28    34  18 47.3 -24 23
Thu Oct 22/Fri Oct 23  9145.6    0 26 23   19 58  21 10   5 41  6 53   21 36   6 08   .....   2 23    45  19 46.2 -23 42
Fri Oct 23/Sat Oct 24  9146.6    0 30 20   19 59  21 11   5 40  6 52   21 41   6 11   .....   3 11    55  20 42.3 -21 42
Sat Oct 24/Sun Oct 25  9147.6    0 34 16   20 00  21 12   5 39  6 51   21 46   6 14   .....   3 53    65  21 35.2 -18 39
Sun Oct 25/Mon Oct 26  9148.6    0 38 13   20 00  21 13   5 38  6 51   21 50   6 17   .....   4 30    74  22 24.8 -14 47
Mon Oct 26/Tue Oct 27  9149.6    0 42 10   20 01  21 13   5 37  6 50   21 55   6 20   .....   5 04    83  23 11.9 -10 20
Tue Oct 27/Wed Oct 28  9150.6    0 46 06   20 01  21 14   5 36  6 49   22 00   6 23   .....   5 36    89  23 56.9 - 5 31
Wed Oct 28/Thu Oct 29  9151.6    0 50 03   20 02  21 15   5 35  6 48   22 04   6 26   17 29   6 07    94   0 40.9 - 0 31
Thu Oct 29/Fri Oct 30  9152.6    0 53 59   20 03  21 16   5 35  6 48   22 09   6 29   18 19   6 38    98   1 24.6   4 30
Fri Oct 30/Sat Oct 31  9153.6    0 57 56   20 03  21 16   5 34  6 47   22 14   6 33   19 09  .....   100   2 08.7   9 21
Sat Oct 31/Sun Nov 01  9154.6    1 01 52   20 04  21 17   5 33  6 46   22 19   6 36   20 00  .....   100   2 54.0  13 53
