  Date (eve/morn)      JDmid    LMSTmidn   ---------- Sun: ---------   LST twilight:  ------------- Moon: --------------
  (2013 at start)    (-2450000)            set  twi.end twi.beg rise    eve    morn    rise   set  %illum   RA      Dec
Thu Aug 01/Fri Aug 02  6506.7   20 02 04   18 26  19 36   5 59  7 10   15 38   2 02    3 45  .....    19   5 11.1  20 09
Fri Aug 02/Sat Aug 03  6507.7   20 06 00   18 26  19 37   5 59  7 09   15 42   2 06    4 32  .....    12   6 00.8  19 53
Sat Aug 03/Sun Aug 04  6508.7   20 09 57   18 26  19 37   5 58  7 09   15 46   2 09    5 16  .....     7   6 50.0  18 45
Sun Aug 04/Mon Aug 05  6509.7   20 13 53   18 27  19 37   5 58  7 08   15 51   2 13    5 59  16 45     3   7 38.7  16 51
Mon Aug 05/Tue Aug 06  6510.7   20 17 50   18 27  19 38   5 57  7 07   15 55   2 16    6 39  17 36     1   8 26.5  14 14
Tue Aug 06/Wed Aug 07  6511.7   20 21 46   18 28  19 38   5 57  7 07   15 59   2 19    7 17  18 28     0   9 13.7  11 00
Wed Aug 07/Thu Aug 08  6512.7   20 25 43   18 28  19 38   5 56  7 06   16 03   2 23   .....  19 20     2  10 00.4   7 18
Thu Aug 08/Fri Aug 09  6513.7   20 29 39   18 29  19 39   5 55  7 05   16 08   2 26   .....  20 13     5  10 47.0   3 14
Fri Aug 09/Sat Aug 10  6514.7   20 33 36   18 29  19 39   5 55  7 05   16 12   2 29   .....  21 06    10  11 34.0 - 1 00
Sat Aug 10/Sun Aug 11  6515.7   20 37 33   18 29  19 39   5 54  7 04   16 16   2 33   .....  22 00    17  12 22.0 - 5 16
Sun Aug 11/Mon Aug 12  6516.7   20 41 29   18 30  19 40   5 53  7 03   16 20   2 36   .....  22 56    25  13 11.7 - 9 22
Mon Aug 12/Tue Aug 13  6517.7   20 45 26   18 30  19 40   5 53  7 02   16 25   2 39   .....  23 54    35  14 03.7 -13 06
Tue Aug 13/Wed Aug 14  6518.7   20 49 22   18 31  19 40   5 52  7 02   16 29   2 42   .....   0 53    46  14 58.5 -16 13
Wed Aug 14/Thu Aug 15  6519.7   20 53 19   18 31  19 41   5 51  7 01   16 33   2 46   .....   1 54    57  15 56.3 -18 27
Thu Aug 15/Fri Aug 16  6520.7   20 57 15   18 31  19 41   5 51  7 00   16 38   2 49   .....   2 55    68  16 56.6 -19 36
Fri Aug 16/Sat Aug 17  6521.7   21 01 12   18 32  19 41   5 50  6 59   16 42   2 52   .....   3 54    79  17 58.7 -19 26
Sat Aug 17/Sun Aug 18  6522.7   21 05 08   18 32  19 42   5 49  6 58   16 46   2 55   .....   4 50    88  19 01.3 -17 56
Sun Aug 18/Mon Aug 19  6523.7   21 09 05   18 33  19 42   5 48  6 58   16 50   2 58   .....   5 42    95  20 03.0 -15 10
Mon Aug 19/Tue Aug 20  6524.7   21 13 02   18 33  19 42   5 48  6 57   16 55   3 02   17 04   6 31    99  21 03.0 -11 22
Tue Aug 20/Wed Aug 21  6525.7   21 16 58   18 33  19 43   5 47  6 56   16 59   3 05   18 08   7 16   100  22 00.6 - 6 52
Wed Aug 21/Thu Aug 22  6526.7   21 20 55   18 34  19 43   5 46  6 55   17 03   3 08   19 11  .....    98  22 56.2 - 2 01
Thu Aug 22/Fri Aug 23  6527.7   21 24 51   18 34  19 43   5 45  6 54   17 07   3 11   20 12  .....    94  23 49.9   2 49
Fri Aug 23/Sat Aug 24  6528.7   21 28 48   18 34  19 43   5 44  6 53   17 12   3 14   21 10  .....    87   0 42.3   7 21
Sat Aug 24/Sun Aug 25  6529.7   21 32 44   18 35  19 44   5 43  6 52   17 16   3 17   22 07  .....    80   1 33.9  11 23
Sun Aug 25/Mon Aug 26  6530.7   21 36 41   18 35  19 44   5 43  6 51   17 20   3 20   23 03  .....    71   2 25.0  14 45
Mon Aug 26/Tue Aug 27  6531.7   21 40 37   18 36  19 44   5 42  6 50   17 24   3 23   23 57  .....    61   3 15.9  17 20
Tue Aug 27/Wed Aug 28  6532.7   21 44 34   18 36  19 45   5 41  6 49   17 29   3 26    0 49  .....    51   4 06.6  19 05
Wed Aug 28/Thu Aug 29  6533.7   21 48 31   18 36  19 45   5 40  6 48   17 33   3 29    1 39  .....    42   4 57.1  19 57
Thu Aug 29/Fri Aug 30  6534.7   21 52 27   18 37  19 45   5 39  6 48   17 37   3 32    2 27  .....    33   5 47.3  19 56
Fri Aug 30/Sat Aug 31  6535.7   21 56 24   18 37  19 46   5 38  6 47   17 41   3 35    3 12  .....    24   6 36.9  19 04
Sat Aug 31/Sun Sep 01  6536.7   22 00 20   18 37  19 46   5 37  6 46   17 46   3 38    3 55  .....    17   7 25.8  17 23
