  Date (eve/morn)      JDmid    LMSTmidn   ---------- Sun: ---------   LST twilight:  ------------- Moon: --------------
  (2018 at start)    (-2450000)            set  twi.end twi.beg rise    eve    morn    rise   set  %illum   RA      Dec
Sat Sep 01/Sun Sep 02  8363.7   22 03 27   18 38  19 46   5 36  6 45   17 49   3 41    0 04  .....    59   3 50.0  15 22
Sun Sep 02/Mon Sep 03  8364.7   22 07 23   18 38  19 47   5 35  6 44   17 53   3 44    1 04  .....    49   4 45.3  18 18
Mon Sep 03/Tue Sep 04  8365.7   22 11 20   18 38  19 47   5 34  6 43   17 57   3 47    2 05  .....    37   5 43.4  20 16
Tue Sep 04/Wed Sep 05  8366.7   22 15 17   18 39  19 47   5 33  6 42   18 02   3 50    3 06  .....    27   6 43.6  21 01
Wed Sep 05/Thu Sep 06  8367.7   22 19 13   18 39  19 47   5 32  6 41   18 06   3 53    4 05  .....    17   7 45.0  20 26
Thu Sep 06/Fri Sep 07  8368.7   22 23 10   18 39  19 48   5 31  6 40   18 10   3 55    5 01  .....     9   8 46.3  18 31
Fri Sep 07/Sat Sep 08  8369.7   22 27 06   18 40  19 48   5 30  6 39   18 15   3 58    5 52  16 37     4   9 46.2  15 22
Sat Sep 08/Sun Sep 09  8370.7   22 31 03   18 40  19 48   5 29  6 38   18 19   4 01    6 40  17 43     1  10 44.1  11 17
Sun Sep 09/Mon Sep 10  8371.7   22 34 59   18 40  19 49   5 28  6 37   18 23   4 04    7 24  18 48     0  11 39.8   6 34
Mon Sep 10/Tue Sep 11  8372.7   22 38 56   18 41  19 49   5 27  6 36   18 27   4 07   .....  19 50     3  12 33.5   1 34
Tue Sep 11/Wed Sep 12  8373.7   22 42 52   18 41  19 49   5 26  6 35   18 32   4 10   .....  20 51     8  13 25.7 - 3 23
Wed Sep 12/Thu Sep 13  8374.7   22 46 49   18 41  19 50   5 25  6 33   18 36   4 13   .....  21 50    14  14 17.1 - 8 02
Thu Sep 13/Fri Sep 14  8375.7   22 50 46   18 42  19 50   5 24  6 32   18 40   4 16   .....  22 48    23  15 08.0 -12 09
Fri Sep 14/Sat Sep 15  8376.7   22 54 42   18 42  19 51   5 23  6 31   18 45   4 19   .....  23 44    32  15 58.9 -15 35
Sat Sep 15/Sun Sep 16  8377.7   22 58 39   18 42  19 51   5 22  6 30   18 49   4 21   .....   0 39    41  16 50.0 -18 11
Sun Sep 16/Mon Sep 17  8378.7   23 02 35   18 43  19 51   5 21  6 29   18 53   4 24   .....   1 32    51  17 41.3 -19 53
Mon Sep 17/Tue Sep 18  8379.7   23 06 32   18 43  19 52   5 20  6 28   18 57   4 27   .....   2 22    61  18 32.7 -20 39
Tue Sep 18/Wed Sep 19  8380.7   23 10 28   18 44  19 52   5 19  6 27   19 02   4 30   .....   3 10    70  19 23.9 -20 26
Wed Sep 19/Thu Sep 20  8381.7   23 14 25   18 44  19 52   5 18  6 26   19 06   4 33   .....   3 54    78  20 14.5 -19 18
Thu Sep 20/Fri Sep 21  8382.7   23 18 21   18 44  19 53   5 16  6 25   19 10   4 36   .....   4 36    86  21 04.4 -17 18
Fri Sep 21/Sat Sep 22  8383.7   23 22 18   18 45  19 53   5 15  6 24   19 15   4 39   .....   5 15    92  21 53.4 -14 29
Sat Sep 22/Sun Sep 23  8384.7   23 26 15   18 45  19 54   5 14  6 23   19 19   4 41   .....   5 53    96  22 41.7 -11 00
Sun Sep 23/Mon Sep 24  8385.7   23 30 11   18 45  19 54   5 13  6 22   19 23   4 44   17 25   6 29    99  23 29.4 - 6 59
Mon Sep 24/Tue Sep 25  8386.7   23 34 08   18 46  19 54   5 12  6 21   19 28   4 47   18 18   7 05   100   0 17.0 - 2 35
Tue Sep 25/Wed Sep 26  8387.7   23 38 04   18 46  19 55   5 11  6 20   19 32   4 50   19 11  .....    99   1 05.0   2 00
Wed Sep 26/Thu Sep 27  8388.7   23 42 01   18 46  19 55   5 10  6 19   19 37   4 53   20 06  .....    95   1 54.0   6 36
Thu Sep 27/Fri Sep 28  8389.7   23 45 57   18 47  19 56   5 09  6 18   19 41   4 56   21 02  .....    90   2 44.6  10 58
Fri Sep 28/Sat Sep 29  8390.7   23 49 54   18 47  19 56   5 08  6 16   19 45   4 58   22 00  .....    82   3 37.2  14 51
Sat Sep 29/Sun Sep 30  8391.7   23 53 50   18 48  19 57   5 06  6 15   19 50   5 01   22 59  .....    73   4 32.2  18 02
Sun Sep 30/Mon Oct 01  8392.7   23 57 47   18 48  19 57   5 05  6 14   19 54   5 04   23 59  .....    63   5 29.5  20 14
