  Date (eve/morn)      JDmid    LMSTmidn   ---------- Sun: ---------   LST twilight:  ------------- Moon: --------------
  (2012 at start)    (-2450000)            set  twi.end twi.beg rise    eve    morn    rise   set  %illum   RA      Dec
Tue May 01/Wed May 02  6049.7   14 00 18   18 21  19 31   5 46  6 57    9 30  19 48   .....   3 17    78  11 00.8   0 54
Wed May 02/Thu May 03  6050.7   14 04 14   18 20  19 30   5 47  6 57    9 34  19 52   .....   4 19    87  11 54.8 - 4 27
Thu May 03/Fri May 04  6051.7   14 08 11   18 20  19 30   5 47  6 57    9 37  19 56   .....   5 24    94  12 51.4 - 9 41
Fri May 04/Sat May 05  6052.7   14 12 07   18 19  19 29   5 48  6 58    9 41  20 01   16 51   6 31    98  13 51.1 -14 26
Sat May 05/Sun May 06  6053.7   14 16 04   18 18  19 29   5 48  6 58    9 44  20 05   17 42   7 40   100  14 53.8 -18 13
Sun May 06/Mon May 07  6054.7   14 20 01   18 18  19 28   5 48  6 59    9 47  20 09   18 38  .....    98  15 58.8 -20 41
Mon May 07/Tue May 08  6055.7   14 23 57   18 17  19 28   5 49  6 59    9 51  20 14   19 38  .....    94  17 04.3 -21 35
Tue May 08/Wed May 09  6056.7   14 27 54   18 17  19 27   5 49  7 00    9 54  20 18   20 41  .....    87  18 08.4 -20 54
Wed May 09/Thu May 10  6057.7   14 31 50   18 16  19 27   5 49  7 00    9 58  20 22   21 45  .....    78  19 09.3 -18 51
Thu May 10/Fri May 11  6058.7   14 35 47   18 15  19 26   5 50  7 01   10 01  20 27   22 46  .....    67  20 06.2 -15 43
Fri May 11/Sat May 12  6059.7   14 39 43   18 15  19 26   5 50  7 01   10 05  20 31   23 46  .....    57  20 59.1 -11 52
Sat May 12/Sun May 13  6060.7   14 43 40   18 14  19 25   5 51  7 02   10 08  20 35    0 42  .....    47  21 48.8 - 7 33
Sun May 13/Mon May 14  6061.7   14 47 36   18 14  19 25   5 51  7 02   10 12  20 40    1 36  .....    37  22 35.9 - 3 03
Mon May 14/Tue May 15  6062.7   14 51 33   18 13  19 25   5 51  7 03   10 15  20 44    2 28  .....    27  23 21.5   1 28
Tue May 15/Wed May 16  6063.7   14 55 30   18 13  19 24   5 52  7 03   10 19  20 48    3 19  .....    19   0 06.3   5 51
Wed May 16/Thu May 17  6064.7   14 59 26   18 13  19 24   5 52  7 04   10 23  20 53    4 09  .....    12   0 51.2   9 57
Thu May 17/Fri May 18  6065.7   15 03 23   18 12  19 24   5 53  7 04   10 26  20 57    5 00  .....     7   1 36.7  13 38
Fri May 18/Sat May 19  6066.7   15 07 19   18 12  19 23   5 53  7 05   10 30  21 01    5 52  16 39     3   2 23.3  16 47
Sat May 19/Sun May 20  6067.7   15 11 16   18 11  19 23   5 53  7 05   10 34  21 06    6 43  17 19     1   3 11.2  19 16
Sun May 20/Mon May 21  6068.7   15 15 12   18 11  19 23   5 54  7 06   10 37  21 10    7 34  18 02     0   4 00.5  20 57
Mon May 21/Tue May 22  6069.7   15 19 09   18 11  19 23   5 54  7 06   10 41  21 14   .....  18 49     1   4 50.8  21 44
Tue May 22/Wed May 23  6070.7   15 23 05   18 10  19 22   5 54  7 06   10 45  21 19   .....  19 38     4   5 41.8  21 34
Wed May 23/Thu May 24  6071.7   15 27 02   18 10  19 22   5 55  7 07   10 48  21 23   .....  20 29     9   6 32.8  20 26
Thu May 24/Fri May 25  6072.7   15 30 59   18 10  19 22   5 55  7 07   10 52  21 27   .....  21 23    15   7 23.6  18 21
Fri May 25/Sat May 26  6073.7   15 34 55   18 10  19 22   5 56  7 08   10 56  21 32   .....  22 17    23   8 13.8  15 24
Sat May 26/Sun May 27  6074.7   15 38 52   18 09  19 22   5 56  7 08   11 00  21 36   .....  23 12    32   9 03.5  11 41
Sun May 27/Mon May 28  6075.7   15 42 48   18 09  19 21   5 56  7 09   11 04  21 40   .....   0 08    42   9 53.0   7 20
Mon May 28/Tue May 29  6076.7   15 46 45   18 09  19 21   5 57  7 09   11 07  21 44   .....   1 05    53  10 43.1   2 31
Tue May 29/Wed May 30  6077.7   15 50 41   18 09  19 21   5 57  7 10   11 11  21 49   .....   2 04    64  11 34.4 - 2 35
Wed May 30/Thu May 31  6078.7   15 54 38   18 09  19 21   5 58  7 10   11 15  21 53   .....   3 05    74  12 27.8 - 7 42
Thu May 31/Fri Jun 01  6079.7   15 58 34   18 08  19 21   5 58  7 11   11 19  21 57   .....   4 09    84  13 24.3 -12 32
