  Date (eve/morn)      JDmid    LMSTmidn   ---------- Sun: ---------   LST twilight:  ------------- Moon: --------------
  (2022 at start)    (-2450000)            set  twi.end twi.beg rise    eve    morn    rise   set  %illum   RA      Dec
Thu Dec 01/Fri Dec 02  9915.6    3 02 11   20 25  21 45   5 17  6 36    0 46   8 20   .....   3 18    66  23 59.9 - 3 22
Fri Dec 02/Sat Dec 03  9916.6    3 06 08   20 26  21 45   5 17  6 36    0 51   8 24   .....   3 51    76   0 47.7   2 50
Sat Dec 03/Sun Dec 04  9917.6    3 10 04   20 27  21 46   5 17  6 36    0 56   8 28   .....   4 24    84   1 35.1   8 49
Sun Dec 04/Mon Dec 05  9918.6    3 14 01   20 27  21 47   5 17  6 37    1 01   8 32   .....   4 58    91   2 23.1  14 22
Mon Dec 05/Tue Dec 06  9919.6    3 17 57   20 28  21 48   5 17  6 37    1 05   8 36   18 10   5 35    96   3 12.5  19 15
Tue Dec 06/Wed Dec 07  9920.6    3 21 54   20 29  21 49   5 17  6 37    1 10   8 40   19 06   6 16    99   4 03.8  23 13
Wed Dec 07/Thu Dec 08  9921.6    3 25 50   20 30  21 50   5 17  6 37    1 15   8 44   20 03  .....   100   4 56.9  26 05
Thu Dec 08/Fri Dec 09  9922.6    3 29 47   20 30  21 50   5 17  6 37    1 20   8 48   20 59  .....    99   5 51.3  27 42
Fri Dec 09/Sat Dec 10  9923.6    3 33 43   20 31  21 51   5 17  6 37    1 24   8 52   21 52  .....    96   6 45.9  27 59
Sat Dec 10/Sun Dec 11  9924.6    3 37 40   20 32  21 52   5 17  6 38    1 29   8 56   22 41  .....    92   7 39.6  26 59
Sun Dec 11/Mon Dec 12  9925.6    3 41 37   20 32  21 53   5 18  6 38    1 34   9 00   23 25  .....    86   8 31.4  24 47
Mon Dec 12/Tue Dec 13  9926.6    3 45 33   20 33  21 53   5 18  6 38    1 38   9 04    0 05  .....    79   9 20.8  21 34
Tue Dec 13/Wed Dec 14  9927.6    3 49 30   20 33  21 54   5 18  6 39    1 43   9 09    0 41  .....    70  10 08.0  17 30
Wed Dec 14/Thu Dec 15  9928.6    3 53 26   20 34  21 55   5 18  6 39    1 48   9 13    1 14  .....    61  10 53.3  12 45
Thu Dec 15/Fri Dec 16  9929.6    3 57 23   20 35  21 55   5 19  6 39    1 52   9 17    1 46  .....    52  11 37.6   7 29
Fri Dec 16/Sat Dec 17  9930.6    4 01 19   20 35  21 56   5 19  6 40    1 57   9 21    2 16  .....    42  12 21.7   1 51
Sat Dec 17/Sun Dec 18  9931.6    4 05 16   20 36  21 57   5 19  6 40    2 01   9 26    2 48  .....    32  13 06.9 - 3 58
Sun Dec 18/Mon Dec 19  9932.6    4 09 12   20 36  21 57   5 20  6 41    2 06   9 30    3 22  .....    23  13 54.2 - 9 47
Mon Dec 19/Tue Dec 20  9933.6    4 13 09   20 37  21 58   5 20  6 41    2 10   9 34    4 00  .....    14  14 44.9 -15 19
Tue Dec 20/Wed Dec 21  9934.6    4 17 06   20 37  21 58   5 21  6 42    2 15   9 39    4 44  17 54     7  15 40.1 -20 12
Wed Dec 21/Thu Dec 22  9935.6    4 21 02   20 38  21 59   5 21  6 42    2 19   9 43    5 36  19 02     3  16 40.4 -24 00
Thu Dec 22/Fri Dec 23  9936.6    4 24 59   20 38  21 59   5 22  6 43    2 24   9 48   .....  20 12     0  17 45.0 -26 14
Fri Dec 23/Sat Dec 24  9937.6    4 28 55   20 39  22 00   5 22  6 43    2 28   9 52   .....  21 21     1  18 52.1 -26 34
Sat Dec 24/Sun Dec 25  9938.6    4 32 52   20 39  22 00   5 23  6 44    2 33   9 57   .....  22 23     4  19 58.6 -24 54
Sun Dec 25/Mon Dec 26  9939.6    4 36 48   20 40  22 00   5 24  6 44    2 37  10 01   .....  23 17    10  21 02.0 -21 26
Mon Dec 26/Tue Dec 27  9940.6    4 40 45   20 40  22 01   5 24  6 45    2 41  10 06   .....   0 03    19  22 01.0 -16 37
Tue Dec 27/Wed Dec 28  9941.6    4 44 41   20 41  22 01   5 25  6 45    2 46  10 10   .....   0 43    29  22 55.5 -10 53
Wed Dec 28/Thu Dec 29  9942.6    4 48 38   20 41  22 01   5 26  6 46    2 50  10 15   .....   1 19    39  23 46.5 - 4 43
Thu Dec 29/Fri Dec 30  9943.6    4 52 35   20 41  22 02   5 26  6 47    2 54  10 20   .....   1 53    50   0 35.1   1 32
Fri Dec 30/Sat Dec 31  9944.6    4 56 31   20 42  22 02   5 27  6 47    2 58  10 24   .....   2 26    61   1 22.6   7 36
Sat Dec 31/Sun Jan 01  9945.6    5 00 28   20 42  22 02   5 28  6 48    3 02  10 29   .....   3 00    71   2 10.2  13 14
