  Date (eve/morn)      JDmid    LMSTmidn   ---------- Sun: ---------   LST twilight:  ------------- Moon: --------------
  (2018 at start)    (-2450000)            set  twi.end twi.beg rise    eve    morn    rise   set  %illum   RA      Dec
Thu Mar 01/Fri Mar 02  8179.6    8 57 51   20 18  21 28   6 19  7 30    6 26  15 18   20 05  .....   100  11 01.8   9 36
Fri Mar 02/Sat Mar 03  8180.6    9 01 47   20 17  21 27   6 20  7 30    6 29  15 23   20 49  .....    98  11 56.6   4 55
Sat Mar 03/Sun Mar 04  8181.6    9 05 44   20 16  21 26   6 21  7 31    6 32  15 27   21 29  .....    94  12 49.3   0 08
Sun Mar 04/Mon Mar 05  8182.6    9 09 40   20 16  21 25   6 21  7 31    6 35  15 32   22 09  .....    88  13 40.4 - 4 29
Mon Mar 05/Tue Mar 06  8183.6    9 13 37   20 15  21 24   6 22  7 32    6 37  15 37   22 48  .....    80  14 30.4 - 8 43
Tue Mar 06/Wed Mar 07  8184.6    9 17 34   20 14  21 23   6 22  7 32    6 40  15 41   23 27  .....    72  15 19.9 -12 24
Wed Mar 07/Thu Mar 08  8185.6    9 21 30   20 13  21 22   6 23  7 33    6 43  15 46    0 08  .....    62  16 09.3 -15 23
Thu Mar 08/Fri Mar 09  8186.6    9 25 27   20 12  21 21   6 24  7 33    6 46  15 50    0 50  .....    53  16 58.8 -17 37
Fri Mar 09/Sat Mar 10  8187.6    9 29 23   20 11  21 20   6 24  7 34    6 49  15 55    1 34  .....    43  17 48.5 -19 01
Sat Mar 10/Sun Mar 11* 8188.6    9 33 20   20 10  21 19   5 25  6 34    6 52  15 59    1 21  .....    34  18 38.3 -19 33
Sun Mar 11/Mon Mar 12  8189.7   10 37 26   19 09  20 18   5 25  6 34    6 55  16 04    2 10  .....    25  19 30.9 -19 13
Mon Mar 12/Tue Mar 13  8190.7   10 41 23   19 08  20 17   5 26  6 35    6 58  16 08    3 01  .....    17  20 20.5 -17 58
Tue Mar 13/Wed Mar 14  8191.7   10 45 19   19 07  20 16   5 26  6 35    7 00  16 13    3 53  16 49    11  21 09.8 -15 53
Wed Mar 14/Thu Mar 15  8192.7   10 49 16   19 06  20 15   5 27  6 36    7 03  16 17    4 46  17 30     6  21 58.5 -13 04
Thu Mar 15/Fri Mar 16  8193.7   10 53 12   19 05  20 14   5 27  6 36    7 06  16 22    5 40  18 10     2  22 46.8 - 9 36
Fri Mar 16/Sat Mar 17  8194.7   10 57 09   19 04  20 12   5 28  6 37    7 09  16 26    6 35  18 48     0  23 34.9 - 5 37
Sat Mar 17/Sun Mar 18  8195.7   11 01 06   19 03  20 11   5 28  6 37    7 12  16 30   .....  19 26     0   0 23.2 - 1 17
Sun Mar 18/Mon Mar 19  8196.7   11 05 02   19 02  20 10   5 29  6 38    7 15  16 35   .....  20 04     3   1 12.2   3 12
Mon Mar 19/Tue Mar 20  8197.7   11 08 59   19 01  20 09   5 29  6 38    7 18  16 39   .....  20 44     8   2 02.5   7 38
Tue Mar 20/Wed Mar 21  8198.7   11 12 55   19 00  20 08   5 30  6 38    7 20  16 44   .....  21 25    14   2 54.5  11 48
Wed Mar 21/Thu Mar 22  8199.7   11 16 52   18 59  20 07   5 30  6 39    7 23  16 48   .....  22 10    23   3 48.7  15 26
Thu Mar 22/Fri Mar 23  8200.7   11 20 48   18 58  20 06   5 31  6 39    7 26  16 53   .....  22 59    33   4 45.3  18 16
Fri Mar 23/Sat Mar 24  8201.7   11 24 45   18 57  20 05   5 31  6 40    7 29  16 57   .....  23 52    44   5 44.1  20 05
Sat Mar 24/Sun Mar 25  8202.7   11 28 41   18 56  20 04   5 32  6 40    7 32  17 01   .....   0 49    55   6 44.4  20 42
Sun Mar 25/Mon Mar 26  8203.7   11 32 38   18 55  20 03   5 32  6 41    7 35  17 06   .....   1 50    66   7 45.1  20 01
Mon Mar 26/Tue Mar 27  8204.7   11 36 35   18 54  20 02   5 33  6 41    7 38  17 10   .....   2 52    77   8 45.3  18 05
Tue Mar 27/Wed Mar 28  8205.7   11 40 31   18 52  20 01   5 33  6 41    7 41  17 14   .....   3 55    86   9 43.9  15 02
Wed Mar 28/Thu Mar 29  8206.7   11 44 28   18 51  20 00   5 33  6 42    7 44  17 19   16 57   4 56    93  10 40.6  11 06
Thu Mar 29/Fri Mar 30  8207.7   11 48 24   18 50  19 59   5 34  6 42    7 47  17 23   17 41   5 57    98  11 35.3   6 36
Fri Mar 30/Sat Mar 31  8208.7   11 52 21   18 49  19 58   5 34  6 43    7 49  17 28   18 22   6 56   100  12 28.3   1 49
Sat Mar 31/Sun Apr 01  8209.7   11 56 17   18 48  19 57   5 35  6 43    7 52  17 32   19 02  .....    99  13 20.1 - 2 57
