  Date (eve/morn)      JDmid    LMSTmidn   ---------- Sun: ---------   LST twilight:  ------------- Moon: --------------
  (2011 at start)    (-2450000)            set  twi.end twi.beg rise    eve    morn    rise   set  %illum   RA      Dec
Fri Jul 01/Sat Jul 02  5744.7   17 57 48   18 12  19 26   6 05  7 19   13 23   0 04   .....  18 44     1   7 23.4  19 44
Sat Jul 02/Sun Jul 03  5745.7   18 01 45   18 13  19 26   6 05  7 19   13 27   0 08   .....  19 45     4   8 18.3  16 14
Sun Jul 03/Mon Jul 04  5746.7   18 05 41   18 13  19 26   6 06  7 19   13 31   0 12   .....  20 46     9   9 12.0  11 48
Mon Jul 04/Tue Jul 05  5747.7   18 09 38   18 14  19 27   6 06  7 19   13 35   0 16   .....  21 47    17  10 04.5   6 41
Tue Jul 05/Wed Jul 06  5748.7   18 13 35   18 14  19 27   6 06  7 19   13 40   0 20   .....  22 48    26  10 56.3   1 12
Wed Jul 06/Thu Jul 07  5749.7   18 17 31   18 14  19 27   6 06  7 18   13 44   0 24   .....  23 49    37  11 48.3 - 4 23
Thu Jul 07/Fri Jul 08  5750.7   18 21 28   18 15  19 28   6 06  7 18   13 48   0 28   .....   0 51    48  12 41.3 - 9 46
Fri Jul 08/Sat Jul 09  5751.7   18 25 24   18 15  19 28   6 06  7 18   13 53   0 32   .....   1 54    59  13 36.1 -14 37
Sat Jul 09/Sun Jul 10  5752.7   18 29 21   18 15  19 28   6 05  7 18   13 57   0 36   .....   2 58    70  14 33.1 -18 39
Sun Jul 10/Mon Jul 11  5753.7   18 33 17   18 16  19 29   6 05  7 18   14 01   0 40   .....   4 01    80  15 32.3 -21 33
Mon Jul 11/Tue Jul 12  5754.7   18 37 14   18 16  19 29   6 05  7 18   14 05   0 44   .....   5 02    89  16 32.9 -23 06
Tue Jul 12/Wed Jul 13  5755.7   18 41 10   18 17  19 29   6 05  7 18   14 10   0 47   .....   6 00    95  17 33.7 -23 12
Wed Jul 13/Thu Jul 14  5756.7   18 45 07   18 17  19 30   6 05  7 18   14 14   0 51   16 41   6 52    99  18 33.1 -21 52
Thu Jul 14/Fri Jul 15  5757.7   18 49 04   18 17  19 30   6 05  7 17   14 18   0 55   17 41   7 38   100  19 29.9 -19 18
Fri Jul 15/Sat Jul 16  5758.7   18 53 00   18 18  19 30   6 05  7 17   14 23   0 59   18 40  .....    99  20 23.5 -15 46
Sat Jul 16/Sun Jul 17  5759.7   18 56 57   18 18  19 31   6 05  7 17   14 27   1 03   19 36  .....    96  21 13.9 -11 33
Sun Jul 17/Mon Jul 18  5760.7   19 00 53   18 19  19 31   6 04  7 17   14 31   1 06   20 31  .....    91  22 01.7 - 6 55
Mon Jul 18/Tue Jul 19  5761.7   19 04 50   18 19  19 31   6 04  7 16   14 35   1 10   21 23  .....    84  22 47.4 - 2 07
Tue Jul 19/Wed Jul 20  5762.7   19 08 46   18 20  19 32   6 04  7 16   14 40   1 14   22 14  .....    77  23 32.0   2 41
Wed Jul 20/Thu Jul 21  5763.7   19 12 43   18 20  19 32   6 04  7 16   14 44   1 18   23 04  .....    68   0 16.3   7 20
Thu Jul 21/Fri Jul 22  5764.7   19 16 39   18 21  19 32   6 04  7 15   14 48   1 21   23 55  .....    59   1 01.1  11 39
Fri Jul 22/Sat Jul 23  5765.7   19 20 36   18 21  19 33   6 03  7 15   14 53   1 25    0 46  .....    50   1 47.1  15 32
Sat Jul 23/Sun Jul 24  5766.7   19 24 33   18 21  19 33   6 03  7 15   14 57   1 29    1 39  .....    40   2 35.0  18 49
Sun Jul 24/Mon Jul 25  5767.7   19 28 29   18 22  19 33   6 03  7 14   15 01   1 32    2 32  .....    31   3 25.1  21 20
Mon Jul 25/Tue Jul 26  5768.7   19 32 26   18 22  19 34   6 02  7 14   15 05   1 36    3 27  .....    22   4 17.7  22 55
Tue Jul 26/Wed Jul 27  5769.7   19 36 22   18 23  19 34   6 02  7 13   15 10   1 39    4 21  .....    14   5 12.2  23 25
Wed Jul 27/Thu Jul 28  5770.7   19 40 19   18 23  19 34   6 02  7 13   15 14   1 43    5 14  .....     8   6 08.1  22 42
Thu Jul 28/Fri Jul 29  5771.7   19 44 15   18 24  19 35   6 01  7 12   15 18   1 46    6 04  16 29     3   7 04.5  20 44
Fri Jul 29/Sat Jul 30  5772.7   19 48 12   18 24  19 35   6 01  7 12   15 23   1 50    6 51  17 30     1   8 00.4  17 35
Sat Jul 30/Sun Jul 31  5773.7   19 52 08   18 24  19 36   6 00  7 11   15 27   1 53    7 35  18 33     0   8 55.4  13 23
Sun Jul 31/Mon Aug 01  5774.7   19 56 05   18 25  19 36   6 00  7 11   15 31   1 57   .....  19 36     3   9 49.3   8 23
