  Date (eve/morn)      JDmid    LMSTmidn   ---------- Sun: ---------   LST twilight:  ------------- Moon: --------------
  (2022 at start)    (-2450000)            set  twi.end twi.beg rise    eve    morn    rise   set  %illum   RA      Dec
Wed Jun 01/Thu Jun 02  9732.7   16 00 51   18 08  19 21   5 58  7 11   11 21  22 00   .....  19 54     6   6 46.6  26 58
Thu Jun 02/Fri Jun 03  9733.7   16 04 48   18 08  19 21   5 58  7 11   11 25  22 04   .....  20 46    12   7 38.8  26 08
Fri Jun 03/Sat Jun 04  9734.7   16 08 44   18 08  19 21   5 59  7 12   11 29  22 09   .....  21 40    18   8 29.9  24 09
Sat Jun 04/Sun Jun 05  9735.7   16 12 41   18 08  19 21   5 59  7 12   11 33  22 13   .....  22 35    26   9 19.6  21 06
Sun Jun 05/Mon Jun 06  9736.7   16 16 37   18 08  19 21   6 00  7 12   11 37  22 17   .....  23 29    35  10 07.8  17 07
Mon Jun 06/Tue Jun 07  9737.7   16 20 34   18 08  19 21   6 00  7 13   11 41  22 21   .....   0 23    45  10 54.8  12 21
Tue Jun 07/Wed Jun 08  9738.7   16 24 31   18 08  19 21   6 00  7 13   11 45  22 26   .....   1 18    55  11 41.3   6 57
Wed Jun 08/Thu Jun 09  9739.7   16 28 27   18 08  19 21   6 01  7 14   11 49  22 30   .....   2 13    65  12 28.3   1 05
Thu Jun 09/Fri Jun 10  9740.7   16 32 24   18 08  19 21   6 01  7 14   11 53  22 34   .....   3 11    75  13 16.8 - 5 03
Fri Jun 10/Sat Jun 11  9741.7   16 36 20   18 08  19 21   6 01  7 14   11 57  22 38   .....   4 13    84  14 08.2 -11 10
Sat Jun 11/Sun Jun 12  9742.7   16 40 17   18 08  19 21   6 01  7 15   12 01  22 43   .....   5 18    92  15 03.6 -16 54
Sun Jun 12/Mon Jun 13  9743.7   16 44 13   18 08  19 22   6 02  7 15   12 05  22 47   16 16   6 28    97  16 04.0 -21 46
Mon Jun 13/Tue Jun 14  9744.7   16 48 10   18 08  19 22   6 02  7 15   12 09  22 51   17 08   7 40   100  17 09.3 -25 15
Tue Jun 14/Wed Jun 15  9745.7   16 52 06   18 09  19 22   6 02  7 16   12 13  22 55   18 08  .....    99  18 17.9 -26 51
Wed Jun 15/Thu Jun 16  9746.7   16 56 03   18 09  19 22   6 03  7 16   12 17  23 00   19 15  .....    95  19 27.0 -26 22
Thu Jun 16/Fri Jun 17  9747.7   17 00 00   18 09  19 22   6 03  7 16   12 21  23 04   20 26  .....    89  20 33.2 -23 55
Fri Jun 17/Sat Jun 18  9748.7   17 03 56   18 09  19 22   6 03  7 16   12 25  23 08   21 35  .....    80  21 34.6 -19 54
Sat Jun 18/Sun Jun 19  9749.7   17 07 53   18 09  19 22   6 03  7 17   12 30  23 12   22 40  .....    70  22 30.8 -14 49
Sun Jun 19/Mon Jun 20  9750.7   17 11 49   18 09  19 23   6 04  7 17   12 34  23 16   23 42  .....    60  23 22.4 - 9 09
Mon Jun 20/Tue Jun 21  9751.7   17 15 46   18 10  19 23   6 04  7 17   12 38  23 21    0 40  .....    49   0 10.7 - 3 15
Tue Jun 21/Wed Jun 22  9752.7   17 19 42   18 10  19 23   6 04  7 17   12 42  23 25    1 35  .....    38   0 56.8   2 36
Wed Jun 22/Thu Jun 23  9753.7   17 23 39   18 10  19 23   6 04  7 18   12 46  23 29    2 29  .....    29   1 42.1   8 11
Thu Jun 23/Fri Jun 24  9754.7   17 27 35   18 10  19 24   6 04  7 18   12 50  23 33    3 22  .....    20   2 27.5  13 19
Fri Jun 24/Sat Jun 25  9755.7   17 31 32   18 10  19 24   6 05  7 18   12 55  23 37    4 16  .....    13   3 13.9  17 51
Sat Jun 25/Sun Jun 26  9756.7   17 35 29   18 11  19 24   6 05  7 18   12 59  23 41    5 10  .....     8   4 01.9  21 37
Sun Jun 26/Mon Jun 27  9757.7   17 39 25   18 11  19 24   6 05  7 18   13 03  23 45    6 05  16 18     3   4 51.5  24 28
Mon Jun 27/Tue Jun 28  9758.7   17 43 22   18 11  19 25   6 05  7 18   13 07  23 49    6 59  17 02     1   5 42.7  26 15
Tue Jun 28/Wed Jun 29  9759.7   17 47 18   18 12  19 25   6 05  7 18   13 11  23 53    7 50  17 50     0   6 34.8  26 52
Wed Jun 29/Thu Jun 30  9760.7   17 51 15   18 12  19 25   6 05  7 18   13 16  23 58   .....  18 41     1   7 27.0  26 17
Thu Jun 30/Fri Jul 01  9761.7   17 55 11   18 12  19 25   6 05  7 19   13 20   0 02   .....  19 35     4   8 18.2  24 32
