  Date (eve/morn)      JDmid    LMSTmidn   ---------- Sun: ---------   LST twilight:  ------------- Moon: --------------
  (2018 at start)    (-2450000)            set  twi.end twi.beg rise    eve    morn    rise   set  %illum   RA      Dec
Wed Aug 01/Thu Aug 02  8332.7   20 01 14   18 26  19 36   5 59  7 10   15 37   2 02   22 27  .....    75   0 43.1 - 0 27
Thu Aug 02/Fri Aug 03  8333.7   20 05 10   18 26  19 37   5 59  7 09   15 41   2 05   23 20  .....    66   1 30.5   4 01
Fri Aug 03/Sat Aug 04  8334.7   20 09 07   18 26  19 37   5 58  7 09   15 45   2 08    0 15  .....    56   2 19.4   8 24
Sat Aug 04/Sun Aug 05  8335.7   20 13 03   18 27  19 37   5 58  7 08   15 50   2 12    1 13  .....    45   3 10.5  12 29
Sun Aug 05/Mon Aug 06  8336.7   20 17 00   18 27  19 38   5 57  7 08   15 54   2 15    2 13  .....    34   4 04.6  16 03
Mon Aug 06/Tue Aug 07  8337.7   20 20 56   18 28  19 38   5 57  7 07   15 58   2 19    3 15  .....    24   5 01.9  18 48
Tue Aug 07/Wed Aug 08  8338.7   20 24 53   18 28  19 38   5 56  7 06   16 02   2 22    4 18  .....    15   6 02.3  20 28
Wed Aug 08/Thu Aug 09  8339.7   20 28 50   18 29  19 39   5 55  7 06   16 07   2 25    5 21  .....     7   7 04.8  20 48
Thu Aug 09/Fri Aug 10  8340.7   20 32 46   18 29  19 39   5 55  7 05   16 11   2 29    6 20  16 45     2   8 07.9  19 43
Fri Aug 10/Sat Aug 11  8341.7   20 36 43   18 29  19 39   5 54  7 04   16 15   2 32    7 15  17 52     0   9 10.1  17 17
Sat Aug 11/Sun Aug 12  8342.7   20 40 39   18 30  19 40   5 54  7 03   16 20   2 35   .....  18 59     1  10 10.1  13 42
Sun Aug 12/Mon Aug 13  8343.7   20 44 36   18 30  19 40   5 53  7 03   16 24   2 38   .....  20 05     4  11 07.4   9 19
Mon Aug 13/Tue Aug 14  8344.7   20 48 32   18 31  19 40   5 52  7 02   16 28   2 42   .....  21 08    10  12 02.0   4 29
Tue Aug 14/Wed Aug 15  8345.7   20 52 29   18 31  19 41   5 51  7 01   16 32   2 45   .....  22 09    18  12 54.4 - 0 27
Wed Aug 15/Thu Aug 16  8346.7   20 56 25   18 31  19 41   5 51  7 00   16 37   2 48   .....  23 07    27  13 45.4 - 5 12
Thu Aug 16/Fri Aug 17  8347.7   21 00 22   18 32  19 41   5 50  6 59   16 41   2 51   .....   0 04    37  14 35.5 - 9 35
Fri Aug 17/Sat Aug 18  8348.7   21 04 19   18 32  19 42   5 49  6 59   16 45   2 55   .....   1 00    48  15 25.5 -13 23
Sat Aug 18/Sun Aug 19  8349.7   21 08 15   18 33  19 42   5 49  6 58   16 49   2 58   .....   1 54    58  16 15.7 -16 29
Sun Aug 19/Mon Aug 20  8350.7   21 12 12   18 33  19 42   5 48  6 57   16 54   3 01   .....   2 47    67  17 06.3 -18 47
Mon Aug 20/Tue Aug 21  8351.7   21 16 08   18 33  19 42   5 47  6 56   16 58   3 04   .....   3 38    76  17 57.3 -20 11
Tue Aug 21/Wed Aug 22  8352.7   21 20 05   18 34  19 43   5 46  6 55   17 02   3 07   .....   4 27    84  18 48.6 -20 39
Wed Aug 22/Thu Aug 23  8353.7   21 24 01   18 34  19 43   5 45  6 54   17 06   3 10   .....   5 13    90  19 39.7 -20 10
Thu Aug 23/Fri Aug 24  8354.7   21 27 58   18 34  19 43   5 44  6 53   17 11   3 13   .....   5 57    95  20 30.3 -18 46
Fri Aug 24/Sat Aug 25  8355.7   21 31 54   18 35  19 44   5 44  6 52   17 15   3 16   16 55   6 38    98  21 20.1 -16 31
Sat Aug 25/Sun Aug 26  8356.7   21 35 51   18 35  19 44   5 43  6 52   17 19   3 20   17 47   7 17   100  22 08.9 -13 31
Sun Aug 26/Mon Aug 27  8357.7   21 39 48   18 36  19 44   5 42  6 51   17 23   3 23   18 39  .....    99  22 56.8 - 9 54
Mon Aug 27/Tue Aug 28  8358.7   21 43 44   18 36  19 45   5 41  6 50   17 28   3 26   19 31  .....    97  23 44.1 - 5 49
Tue Aug 28/Wed Aug 29  8359.7   21 47 41   18 36  19 45   5 40  6 49   17 32   3 29   20 23  .....    93   0 31.1 - 1 26
Wed Aug 29/Thu Aug 30  8360.7   21 51 37   18 37  19 45   5 39  6 48   17 36   3 32   21 17  .....    87   1 18.6   3 04
Thu Aug 30/Fri Aug 31  8361.7   21 55 34   18 37  19 46   5 38  6 47   17 40   3 35   22 11  .....    79   2 07.1   7 30
Fri Aug 31/Sat Sep 01  8362.7   21 59 30   18 37  19 46   5 37  6 46   17 45   3 38   23 07  .....    70   2 57.4  11 41
